##FastQC	0.10.1
>>Basic Statistics	pass
#Measure	Value	
Filename	SRR10740748_1.fastq	
File type	Conventional base calls	
Encoding	Sanger / Illumina 1.9	
Total Sequences	1053590	
Filtered Sequences	0	
Sequence length	35-251	
%GC	52	
>>END_MODULE
>>Per base sequence quality	pass
#Base	Mean	Median	Lower Quartile	Upper Quartile	10th Percentile	90th Percentile
1	32.88391024971763	33.0	32.0	34.0	32.0	34.0
2	33.108178703290655	33.0	33.0	34.0	32.0	35.0
3	33.22026215131123	34.0	33.0	34.0	32.0	35.0
4	33.31154149147201	34.0	33.0	34.0	32.0	35.0
5	33.12931690695622	34.0	33.0	34.0	32.0	35.0
6	35.54846382368853	37.0	34.0	37.0	33.0	37.0
7	35.52504010098805	37.0	34.0	37.0	33.0	37.0
8	35.50429958522765	37.0	34.0	37.0	33.0	37.0
9	35.515703452006946	37.0	34.0	37.0	33.0	37.0
10-14	36.0627840051633	37.4	35.6	37.4	34.6	37.4
15-19	37.2772997086153	38.0	38.0	38.0	37.0	38.0
20-24	37.49637581981605	38.4	38.0	38.4	37.0	38.4
25-29	37.726075418331604	38.0	38.0	39.0	36.8	39.0
30-34	37.67647016391576	38.0	38.0	39.0	36.8	39.0
35-39	37.68699599378347	38.0	38.0	39.0	36.6	39.0
40-44	37.7107481228212	38.0	38.0	39.0	36.8	39.0
45-49	37.70990304296468	38.0	38.0	39.0	36.8	39.0
50-59	37.62488428525743	38.0	38.0	39.0	36.1	39.0
60-69	37.585320707882374	38.0	38.0	39.0	36.0	39.0
70-79	37.39411770317668	38.0	38.0	39.0	36.0	39.0
80-89	37.39079066160846	38.0	38.0	39.0	36.0	39.0
90-99	37.28457657748653	38.0	38.0	39.0	35.7	39.0
100-109	37.173114433520986	38.0	38.0	39.0	35.0	39.0
110-119	37.077449606281945	38.0	38.0	39.0	34.3	39.0
120-129	36.918511223022755	38.0	38.0	39.0	34.0	39.0
130-139	36.70629143968584	38.0	37.5	39.0	34.0	39.0
140-149	36.48158839031452	38.0	37.0	39.0	33.3	39.0
150-159	36.20327956543218	38.0	37.0	38.4	32.8	39.0
160-169	35.880251164276665	37.5	37.0	38.0	32.0	39.0
170-179	35.58009092098044	37.0	37.0	38.0	31.9	39.0
180-189	35.36367508275098	37.0	37.0	37.7	31.5	38.0
190-199	35.10233101476807	37.0	37.0	37.0	30.7	38.0
200-209	34.774754875261905	37.0	37.0	37.0	28.3	37.9
210-219	34.56417141268723	37.0	36.8	37.0	26.9	37.0
220-229	34.359422609875644	37.0	36.6	37.0	25.6	37.0
230-239	34.18180583366653	37.0	36.0	37.0	25.3	37.0
240-249	33.87393070206754	37.0	34.8	37.0	24.3	37.0
250-251	31.853784158893838	36.0	29.5	37.0	18.5	37.0
>>END_MODULE
>>Per sequence quality scores	pass
#Quality	Count
2	1186.0
3	0.0
4	0.0
5	0.0
6	0.0
7	0.0
8	0.0
9	0.0
10	0.0
11	0.0
12	0.0
13	0.0
14	0.0
15	1.0
16	1.0
17	10.0
18	136.0
19	445.0
20	923.0
21	1730.0
22	2497.0
23	3509.0
24	4643.0
25	6051.0
26	7169.0
27	9000.0
28	10792.0
29	13024.0
30	15315.0
31	18541.0
32	22487.0
33	27869.0
34	36093.0
35	51400.0
36	95482.0
37	506093.0
38	219193.0
>>END_MODULE
>>Per base sequence content	fail
#Base	G	A	T	C
1	41.90557998639306	20.81405999977195	13.522658598789059	23.757701415045933
2	17.94168399207909	18.897495638557054	37.34734949696124	25.81347087240261
3	20.812539671076888	25.12238645995264	28.269941961452066	25.795131907518403
4	14.747093321576124	17.646645204693254	36.90483882615421	30.701422647576404
5	16.10199125050836	34.60391636671849	33.96186255468432	15.332229828088833
6	30.515942546778614	36.168049532308885	18.51304251979278	14.802965401119723
7	25.94640461267726	29.105362579389666	23.272811581864	21.675421226069076
8	26.009783315152735	32.84261557348699	19.355399637401607	21.79220147395867
9	24.60823029939073	15.63572544384096	20.49925693935029	39.25678731741802
10-14	27.250824161153414	20.834311253650455	24.67838853428258	27.236476050913556
15-19	26.393856351743246	24.92749932535414	23.098866975040004	25.57977734786261
20-24	26.157711297182452	23.958574843881248	23.853254073530696	26.030459785405608
25-29	26.357197426083516	23.771061303453806	23.66022934158365	26.211511928879023
30-34	26.39332423669997	23.70441389428394	23.66764094397209	26.234620925043995
35-39	26.43879404921857	23.79627840308221	23.590192957602888	26.17473459009633
40-44	26.450857299186104	23.764244917768952	23.536417806915093	26.24847997612985
45-49	26.43571861705356	23.67836916036106	23.601053318253108	26.28485890433227
50-59	26.473373134443374	23.67543793743173	23.55545666283297	26.295732265291928
60-69	26.466529696779922	23.68102829068598	23.54441798148137	26.308024031052728
70-79	26.47427821202861	23.668406854536812	23.490759677005848	26.366555256428732
80-89	26.541034394771003	23.60242100329888	23.43553257270887	26.421012029221245
90-99	26.535878398715763	23.578810073241698	23.426236580716363	26.45907494732618
100-109	26.57795710062416	23.54500916788729	23.405794982155726	26.47123874933282
110-119	26.593853835633794	23.518117903793584	23.36552735130367	26.52250090926895
120-129	26.556817956703476	23.498514764254665	23.423382375480525	26.52128490356133
130-139	26.630550764683797	23.462826708740046	23.366883484106044	26.53973904247011
140-149	26.640801504697126	23.49827247276918	23.332469417430797	26.528456605102896
150-159	26.6257276429818	23.439061680463716	23.337823920649015	26.59738675590547
160-169	26.646689617520536	23.40925851712779	23.30701634928205	26.637035516069623
170-179	26.629191382872726	23.44327365254895	23.321340243158183	26.606194721420145
180-189	26.660441390490618	23.456404366960072	23.302690788219515	26.580463454329788
190-199	26.658104832961076	23.42053176828399	23.28339590362591	26.637967495129022
200-209	26.698728447379967	23.4387497148951	23.259025436781926	26.603496400943005
210-219	26.68668465041123	23.466830175016057	23.254702422287234	26.591782752285475
220-229	26.71080861089981	23.401275159026245	23.215109132767434	26.67280709730651
230-239	26.70422066536327	23.427224571539085	23.223142065444964	26.64541269765268
240-249	26.80895119324295	23.522368384076962	23.202511996701272	26.466168425978815
250-251	32.663109021283155	29.328622857931318	24.238997790508684	13.76927033027684
>>END_MODULE
>>Per base GC content	fail
#Base	%GC
1	65.663281401439
2	43.755154864481696
3	46.607671578595294
4	45.44851596915253
5	31.43422107859719
6	45.31890794789833
7	47.62182583874633
8	47.80198478911141
9	63.86501761680875
10-14	54.48730021206697
15-19	51.973633699605855
20-24	52.188171082588056
25-29	52.568709354962536
30-34	52.62794516174397
35-39	52.6135286393149
40-44	52.69933727531596
45-49	52.720577521385835
50-59	52.7691053997353
60-69	52.774553727832654
70-79	52.84083346845735
80-89	52.96204642399225
90-99	52.99495334604194
100-109	53.04919584995699
110-119	53.11635474490275
120-129	53.078102860264806
130-139	53.17028980715391
140-149	53.16925810980002
150-159	53.223114398887276
160-169	53.28372513359017
170-179	53.23538610429287
180-189	53.24090484482041
190-199	53.296072328090105
200-209	53.30222484832298
210-219	53.278467402696705
220-229	53.38361570820632
230-239	53.34963336301596
240-249	53.27511961922177
250-251	46.432379351559995
>>END_MODULE
>>Per sequence GC content	warn
#GC Content	Count
0	1186.0
1	593.0
2	0.0
3	0.0
4	0.0
5	0.0
6	0.0
7	0.0
8	0.0
9	0.0
10	0.0
11	0.0
12	0.0
13	0.5
14	1.5
15	3.0
16	3.5
17	3.5
18	6.0
19	10.5
20	19.666666666666664
21	30.333333333333332
22	39.66666666666667
23	63.666666666666664
24	114.33333333333333
25	168.5
26	219.33333333333337
27	321.1666666666667
28	465.4999999999994
29	661.8333333333334
30	918.8333333333374
31	1181.5000000000027
32	1484.9999999999916
33	1874.8333333333042
34	2281.666666666651
35	2796.500000000045
36	3522.666666666823
37	4272.6666666668625
38	5276.9999999998645
39	6422.499999999441
40	7510.999999998962
41	8861.49999999922
42	10382.83333333388
43	11875.666666668665
44	13926.666666670648
45	16185.666666672938
46	18729.1666666684
47	22003.499999994772
48	25516.166666653608
49	29342.333333311264
50	33818.499999973814
51	37924.49999999331
52	41454.83333334476
53	44094.66666669171
54	45505.00000003247
55	45075.6666666969
56	42913.33333335266
57	38601.66666666371
58	33263.49999996968
59	28051.499999979216
60	22959.83333332502
61	17819.000000004267
62	13319.166666670571
63	9660.666666666528
64	6588.666666665854
65	4406.500000000207
66	2959.666666666767
67	1961.666666666599
68	1310.8333333333233
69	895.3333333333467
70	575.6666666666655
71	350.1666666666657
72	226.33333333333397
73	136.83333333333317
74	79.16666666666666
75	57.000000000000036
76	45.333333333333336
77	27.999999999999993
78	13.500000000000002
79	6.166666666666666
80	3.666666666666667
81	3.166666666666667
82	1.6666666666666665
83	1.0
84	1.6666666666666665
85	0.3333333333333333
86	0.0
87	0.3333333333333333
88	0.3333333333333333
89	0.0
90	0.0
91	0.0
92	0.3333333333333333
93	0.3333333333333333
94	0.0
95	0.0
96	0.0
97	0.0
98	0.0
99	0.0
100	0.0
>>END_MODULE
>>Per base N content	pass
#Base	N-Count
1	0.11256750728461735
2	0.11256750728461735
3	0.11256750728461735
4	0.11256750728461735
5	0.11256750728461735
6	0.11256750728461735
7	0.11256750728461735
8	0.11256750728461735
9	0.11256750728461735
10-14	0.11262445543332796
15-19	0.11256750728461735
20-24	0.11256750728461735
25-29	0.11256750728461735
30-34	0.11256750728461735
35-39	0.022553042435850285
40-44	0.0
45-49	0.0
50-59	0.0
60-69	0.0
70-79	0.0
80-89	0.001081360255962933
90-99	0.0
100-109	2.1325345874261497E-4
110-119	9.257177346740743E-4
120-129	4.587579711804072E-4
130-139	0.0
140-149	4.1923573969631424E-4
150-159	1.640094941815992E-4
160-169	8.12853145719404E-4
170-179	7.722276063646999E-4
180-189	2.32055469611234E-5
190-199	9.504339206064529E-5
200-209	7.436138805648832E-4
210-219	6.145321040350178E-4
220-229	3.621642365661967E-4
230-239	1.6049453716719117E-4
240-249	0.0020727911384700996
250-251	0.0
>>END_MODULE
>>Sequence Length Distribution	warn
#Length	Count
35-39	3867.0
40-44	3540.0
45-49	4161.0
50-54	4215.0
55-59	4540.0
60-64	4692.0
65-69	5010.0
70-74	5260.0
75-79	5348.0
80-84	5515.0
85-89	5603.0
90-94	5673.0
95-99	5849.0
100-104	6194.0
105-109	6191.0
110-114	6312.0
115-119	6469.0
120-124	6669.0
125-129	6879.0
130-134	7152.0
135-139	7424.0
140-144	7499.0
145-149	7736.0
150-154	7971.0
155-159	8167.0
160-164	8394.0
165-169	8585.0
170-174	9027.0
175-179	9076.0
180-184	9680.0
185-189	9987.0
190-194	10156.0
195-199	10508.0
200-204	10946.0
205-209	11438.0
210-214	11637.0
215-219	11909.0
220-224	12375.0
225-229	12681.0
230-234	12791.0
235-239	13200.0
240-244	13540.0
245-249	66655.0
250-252	653069.0
>>END_MODULE
>>Sequence Duplication Levels	warn
#Total Duplicate Percentage	34.90871147917149
#Duplication Level	Relative count
1	100.0
2	29.12435443625602
3	9.811843555968201
4	3.6260372541054955
5	1.358585272442407
6	0.5962397725294493
7	0.2596762026344804
8	0.125485986189288
9	0.07398595717518715
10++	0.09429582777229734
>>END_MODULE
>>Overrepresented sequences	warn
#Sequence	Count	Percentage	Possible Source
NNNNNNNNNNNNNNNNNNNNNNNNNNNNNNNNNNN	1186	0.11256750728461735	No Hit
>>END_MODULE
>>Kmer Content	warn
#Sequence	Count	Obs/Exp Overall	Obs/Exp Max	Max Obs/Exp Position
AAAAA	586465	3.4605687	4.305323	15-19
TTTTT	571775	3.4462125	3.9733047	240-247
CAGCG	698890	2.6435218	7.807815	9
CAGCA	530445	2.2506945	6.053628	4
TGCTG	520045	2.2088342	5.981028	2
ATAAA	365640	2.166713	8.635608	3
TTTAT	360925	2.1661654	7.665217	3
GTTTT	403575	2.1592193	6.1381736	1
AAAAC	403745	2.1396809	5.0619035	5
TTATC	380770	2.0437677	5.7888155	4
GATAA	386820	2.043405	5.38011	2
TTTTA	338545	2.0318472	7.285232	2
TAAAA	337010	1.997057	6.229281	4
TTATT	305000	1.83052	6.990416	4
AATAA	303205	1.796735	7.0831385	2
TCCAG	408785	1.7418609	6.851493	2
ATATT	290140	1.7339634	7.561008	1
CTGGA	407320	1.7227237	5.872607	4
AATAT	288215	1.7151676	5.7100883	5
TACCG	395900	1.686957	6.9305663	7
TTCAG	350495	1.6699605	5.450666	2
CTGCG	434670	1.6511103	5.7304454	9
ATTAA	265585	1.5804965	7.126242	3
TTTAA	263595	1.5753225	5.5516977	2
TTAAA	264505	1.5740695	5.6516232	4
ATTAT	262515	1.5688682	7.293535	3
TTAAT	261640	1.5636389	6.125787	3
ATAAT	260890	1.5525566	6.91187	3
AACAG	311145	1.46995	6.0131526	7
ACCGC	385455	1.4688802	5.095804	8
TATTG	274670	1.4633272	7.08921	2
AACTG	306320	1.4533072	5.355087	7
CAATA	271225	1.4434903	5.629526	4
CTTTA	266120	1.4283884	5.8591247	2
TAAAG	266600	1.408334	6.158582	4
CATTA	258910	1.3838063	6.470263	2
TATTC	256305	1.3757068	5.8063927	5
GTTAT	257920	1.3740901	5.338716	1
GAATA	259955	1.3732313	6.452672	1
TAATG	258240	1.369971	5.9531236	4
AATAC	248340	1.3216937	7.3143177	5
GTATT	248040	1.3214536	9.828355	1
TCCTG	305010	1.3051935	5.5119696	2
ATACC	270630	1.2935897	6.9083214	6
TAAAC	241105	1.2831882	5.478476	5
TATCC	266930	1.2813281	5.0984683	5
GTTTA	239860	1.2778739	6.1354523	1
ATTAC	237285	1.2682264	5.8051505	3
GGATA	268450	1.264174	5.361566	1
ACAGC	292865	1.2426353	6.048996	8
GTTCA	255395	1.2168491	5.513078	1
CATAA	221110	1.1767726	5.170566	2
TTATG	220770	1.1761705	5.222404	4
ACCGT	275350	1.1732851	5.6700406	8
TATTA	194500	1.1623901	9.857363	2
TAATA	194770	1.1590765	7.5809703	4
TACTG	237315	1.1307057	5.773129	7
TTATA	138835	0.8297195	5.5908403	4
TATAA	137565	0.8186494	6.7169867	2
ATATA	115695	0.688501	5.1254373	1
TATAC	111140	0.5940143	5.29173	5
GTATA	108585	0.5760467	7.053409	1
>>END_MODULE
