##FastQC	0.10.1
>>Basic Statistics	pass
#Measure	Value	
Filename	SRR10740744_1.fastq	
File type	Conventional base calls	
Encoding	Sanger / Illumina 1.9	
Total Sequences	1015015	
Filtered Sequences	0	
Sequence length	35-251	
%GC	52	
>>END_MODULE
>>Per base sequence quality	pass
#Base	Mean	Median	Lower Quartile	Upper Quartile	10th Percentile	90th Percentile
1	32.8331049294838	33.0	32.0	34.0	32.0	34.0
2	33.06151830268518	33.0	33.0	34.0	32.0	35.0
3	33.16785761786772	33.0	33.0	34.0	32.0	35.0
4	33.25185046526406	34.0	33.0	34.0	32.0	35.0
5	33.115375634842835	34.0	33.0	34.0	32.0	35.0
6	35.55094555252878	37.0	34.0	37.0	33.0	37.0
7	35.52604542790008	37.0	34.0	37.0	33.0	37.0
8	35.486602661044415	37.0	34.0	37.0	33.0	37.0
9	35.4940853090841	37.0	34.0	37.0	33.0	37.0
10-14	36.03735984197278	37.4	35.6	37.4	34.6	37.4
15-19	37.25413653985409	38.0	38.0	38.0	36.8	38.0
20-24	37.47172228981837	38.2	38.0	38.4	37.0	38.4
25-29	37.695178888981935	38.0	38.0	39.0	36.6	39.0
30-34	37.64849819953399	38.0	38.0	39.0	36.2	39.0
35-39	37.64719757777968	38.0	38.0	39.0	36.0	39.0
40-44	37.67315798081073	38.0	38.0	39.0	36.4	39.0
45-49	37.670756141953476	38.0	38.0	39.0	36.4	39.0
50-59	37.58071319749528	38.0	38.0	39.0	36.0	39.0
60-69	37.5406728754785	38.0	38.0	39.0	36.0	39.0
70-79	37.34088174699676	38.0	38.0	39.0	36.0	39.0
80-89	37.33941569091205	38.0	38.0	39.0	36.0	39.0
90-99	37.228161521482	38.0	38.0	39.0	35.2	39.0
100-109	37.12066337866692	38.0	38.0	39.0	34.6	39.0
110-119	37.01912418877564	38.0	38.0	39.0	34.2	39.0
120-129	36.85776264401976	38.0	38.0	39.0	34.0	39.0
130-139	36.644041753989875	38.0	37.4	39.0	33.7	39.0
140-149	36.42274878005614	38.0	37.0	39.0	33.2	39.0
150-159	36.141409179971035	38.0	37.0	38.4	32.5	39.0
160-169	35.82111306426586	37.5	37.0	38.0	32.0	39.0
170-179	35.52220970857425	37.0	37.0	38.0	31.4	39.0
180-189	35.31199091575993	37.0	37.0	37.8	31.1	38.1
190-199	35.04415907444328	37.0	37.0	37.0	30.4	38.0
200-209	34.70718958858976	37.0	37.0	37.0	27.6	37.9
210-219	34.48616214582806	37.0	36.8	37.0	26.2	37.0
220-229	34.27418464492545	37.0	36.2	37.0	25.6	37.0
230-239	34.09090768847467	37.0	35.5	37.0	24.9	37.0
240-249	33.772573790949025	37.0	34.4	37.0	24.1	37.0
250-251	31.73643646070829	35.5	29.0	37.0	18.5	37.0
>>END_MODULE
>>Per sequence quality scores	pass
#Quality	Count
2	845.0
3	0.0
4	0.0
5	0.0
6	0.0
7	0.0
8	0.0
9	0.0
10	0.0
11	0.0
12	0.0
13	0.0
14	0.0
15	0.0
16	3.0
17	15.0
18	139.0
19	460.0
20	960.0
21	1754.0
22	2611.0
23	3578.0
24	4687.0
25	5979.0
26	7435.0
27	9228.0
28	10967.0
29	13183.0
30	15434.0
31	18618.0
32	22393.0
33	27814.0
34	36079.0
35	51380.0
36	94206.0
37	481139.0
38	206108.0
>>END_MODULE
>>Per base sequence content	fail
#Base	G	A	T	C
1	41.86576215032983	20.959602433517063	13.699774199591786	23.474861216561326
2	17.86150250944122	18.965952453730637	37.286944003470815	25.885601033357325
3	20.727787254602287	25.11995030418963	28.384688957472616	25.767573483735468
4	14.791307177297691	17.695060985830775	36.650561542936586	30.863070293934943
5	16.148377490953195	34.63166924677322	33.85250993423193	15.367443328041649
6	30.62691659189288	36.08596191959928	18.482798741828294	14.804322746679551
7	26.022757525858587	29.1486634390684	23.269077176410267	21.55950185866275
8	25.94269205360048	32.88285001528343	19.331275821607818	21.84318210950827
9	24.644093199364995	15.628050524073872	20.478913791573405	39.24894248498772
10-14	27.228070908905895	20.835722810640593	24.690406567427434	27.245799713026074
15-19	26.326118895254247	24.937337921650215	23.219026395969117	25.51751678712642
20-24	26.08998491377185	24.030665470286046	23.92310953784868	25.95624007809342
25-29	26.280229152903363	23.845134444915548	23.730755198832544	26.143881203348553
30-34	26.291529033593974	23.815159194217934	23.698945936085668	26.194365836102428
35-39	26.37293333083381	23.826716012498927	23.673311120473358	26.1270395361939
40-44	26.34881373772743	23.810825398514385	23.632565157549575	26.207795706208607
45-49	26.334615056646353	23.78633229486643	23.683430867255375	26.195621781231843
50-59	26.376416098689763	23.77895217836854	23.613417945695968	26.23121377724573
60-69	26.386734375904215	23.7441845700887	23.610652961941486	26.2584280920656
70-79	26.426074327852895	23.659838755834652	23.598632504611942	26.31545441170051
80-89	26.448519864189514	23.67901392079923	23.532811187021085	26.339655027990176
90-99	26.459846976248908	23.629990631051978	23.533050972363917	26.377111420335194
100-109	26.472741273783285	23.604607382583804	23.50371647566899	26.418934867963923
110-119	26.504255065069778	23.609254297837857	23.48141381990016	26.405076817192214
120-129	26.502771537013796	23.55392418707516	23.509320220022143	26.4339840558889
130-139	26.537694181428723	23.53495287257976	23.456511287058078	26.47084165893344
140-149	26.508072760215047	23.57844899739315	23.437164905040202	26.476313337351602
150-159	26.52325325887437	23.53003846503854	23.44386390523351	26.50284437085358
160-169	26.536709165543236	23.52495943627862	23.41378541991851	26.524545978259628
170-179	26.558145141763546	23.488583007026893	23.38460323328624	26.568668617923326
180-189	26.536059693317444	23.531359743337934	23.424095666663057	26.508484896681566
190-199	26.53911538610709	23.48246890573181	23.42444907660906	26.553966631552044
200-209	26.583085404470395	23.50831820450987	23.357254619675537	26.551341771344195
210-219	26.564134608370033	23.51958153007205	23.374263911004608	26.542019950553307
220-229	26.54362402430403	23.53025862147171	23.35526475808972	26.570852596134543
230-239	26.608373086901395	23.475551742929998	23.316364940002227	26.599710230166384
240-249	26.666542684063415	23.56073588312548	23.340917566853715	26.43180386595739
250-251	32.54087977732165	29.344137519818208	24.33131006714606	13.783672635714083
>>END_MODULE
>>Per base GC content	fail
#Base	%GC
1	65.34062336689115
2	43.74710354279854
3	46.49536073833775
4	45.654377471232635
5	31.515820818994843
6	45.431239338572425
7	47.58225938452133
8	47.78587416310875
9	63.89303568435272
10-14	54.47387062193197
15-19	51.843635682380665
20-24	52.046224991865266
25-29	52.42411035625191
30-34	52.4858948696964
35-39	52.49997286702771
40-44	52.55660944393604
45-49	52.5302368378782
50-59	52.607629875935494
60-69	52.64516246796982
70-79	52.7415287395534
80-89	52.78817489217968
90-99	52.8369583965841
100-109	52.891676141747205
110-119	52.90933188226199
120-129	52.9367555929027
130-139	53.00853584036217
140-149	52.98438609756665
150-159	53.02609762972795
160-169	53.06125514380287
170-179	53.12681375968686
180-189	53.044544589999006
190-199	53.093082017659135
200-209	53.134427175814594
210-219	53.10615455892334
220-229	53.11447662043858
230-239	53.208083317067775
240-249	53.0983465500208
250-251	46.32455241303573
>>END_MODULE
>>Per sequence GC content	warn
#GC Content	Count
0	845.0
1	422.5
2	0.0
3	0.0
4	0.0
5	0.0
6	0.0
7	0.0
8	0.0
9	0.0
10	0.0
11	0.0
12	0.0
13	0.0
14	0.0
15	0.0
16	0.0
17	3.0
18	9.5
19	17.0
20	26.833333333333332
21	38.0
22	52.5
23	75.99999999999999
24	115.8333333333333
25	174.6666666666667
26	260.83333333333337
27	367.9999999999999
28	520.3333333333323
29	725.8333333333343
30	910.3333333333381
31	1127.6666666666715
32	1488.1666666666536
33	1876.6666666666285
34	2278.166666666645
35	2814.833333333392
36	3437.500000000176
37	4147.833333333634
38	5106.833333333252
39	6191.999999999418
40	7211.33333333226
41	8386.166666665273
42	9867.000000000044
43	11240.500000001432
44	13074.333333336712
45	15240.166666672445
46	17470.666666671328
47	20244.33333333192
48	23670.166666657144
49	27603.333333314236
50	31550.499999970343
51	35440.833333313276
52	38614.66666666344
53	41218.83333334352
54	42508.000000017186
55	42095.666666682126
56	40034.33333333833
57	36226.83333331781
58	31450.666666636054
59	26252.166666649744
60	21307.666666662317
61	16703.166666673726
62	12564.333333336579
63	8980.666666665815
64	6115.666666666043
65	4084.333333333702
66	2733.1666666667265
67	1883.1666666666003
68	1272.3333333333283
69	811.3333333333429
70	523.9999999999966
71	333.99999999999926
72	207.3333333333339
73	136.49999999999986
74	85.16666666666657
75	51.166666666666714
76	39.83333333333334
77	24.66666666666666
78	17.833333333333332
79	10.333333333333336
80	3.0000000000000004
81	6.499999999999999
82	8.499999999999998
83	4.999999999999999
84	1.1666666666666665
85	1.0
86	0.6666666666666666
87	0.6666666666666666
88	0.3333333333333333
89	0.0
90	0.0
91	0.0
92	0.0
93	0.0
94	0.0
95	0.0
96	0.0
97	0.0
98	0.0
99	0.0
100	0.0
>>END_MODULE
>>Per base N content	pass
#Base	N-Count
1	0.0832500012315089
2	0.0832500012315089
3	0.0832500012315089
4	0.0832500012315089
5	0.0832500012315089
6	0.0832500012315089
7	0.0832500012315089
8	0.0832500012315089
9	0.0832500012315089
10-14	0.08336822608532879
15-19	0.0832500012315089
20-24	0.0832500012315089
25-29	0.0832500012315089
30-34	0.0832500012315089
35-39	0.016671664877833198
40-44	0.0
45-49	0.0
50-59	0.0
60-69	0.0
70-79	0.0
80-89	9.069439809236052E-4
90-99	0.0
100-109	1.662292068040939E-4
110-119	5.671497417105551E-4
120-129	2.5512213493856183E-4
130-139	0.0
140-149	2.6220301002500434E-4
150-159	1.2207585327414652E-4
160-169	4.743281734333534E-4
170-179	3.569218780906844E-4
180-189	2.3527977942050118E-5
190-199	4.8179199642317625E-5
200-209	2.844181867376047E-4
210-219	3.055556510416965E-4
220-229	1.5777032663585148E-4
230-239	1.3620825370258302E-4
240-249	0.001902292304815937
250-251	1.8318356550323732E-4
>>END_MODULE
>>Sequence Length Distribution	warn
#Length	Count
35-39	2813.0
40-44	2478.0
45-49	3041.0
50-54	3114.0
55-59	3361.0
60-64	3440.0
65-69	3685.0
70-74	3849.0
75-79	4043.0
80-84	4273.0
85-89	4421.0
90-94	4694.0
95-99	4806.0
100-104	4939.0
105-109	5024.0
110-114	5418.0
115-119	5599.0
120-124	5842.0
125-129	6013.0
130-134	6309.0
135-139	6469.0
140-144	6648.0
145-149	7095.0
150-154	7204.0
155-159	7658.0
160-164	8054.0
165-169	8378.0
170-174	8575.0
175-179	9213.0
180-184	9413.0
185-189	9771.0
190-194	10079.0
195-199	10624.0
200-204	11085.0
205-209	11395.0
210-214	11926.0
215-219	12237.0
220-224	12639.0
225-229	13190.0
230-234	13305.0
235-239	13623.0
240-244	14035.0
245-249	65977.0
250-252	639260.0
>>END_MODULE
>>Sequence Duplication Levels	warn
#Total Duplicate Percentage	34.12188648235083
#Duplication Level	Relative count
1	100.0
2	28.469628429481894
3	9.30826086644825
4	3.3228426614284996
5	1.2753693839657607
6	0.5161697338141359
7	0.2351439898486619
8	0.1082522636193535
9	0.06093670468639104
10++	0.08387758174479708
>>END_MODULE
>>Overrepresented sequences	pass
>>END_MODULE
>>Kmer Content	warn
#Sequence	Count	Obs/Exp Overall	Obs/Exp Max	Max Obs/Exp Position
TTTTT	574510	3.4781837	3.9272819	240-247
AAAAA	582930	3.4700868	4.282874	240-247
CAGCG	679765	2.6540132	7.4825377	9
CAGCA	513225	2.2341938	5.7547297	4
TGCTG	508215	2.2123058	5.956947	2
ATAAA	365795	2.1848814	8.815112	3
TTTAT	359745	2.1706183	7.7959156	3
AAAAC	399135	2.145471	5.2014194	5
GTTTT	395710	2.1413958	6.0213456	1
GATAA	381340	2.042837	5.1896367	2
TTATC	375620	2.0396242	6.10204	4
TTTTA	337090	2.0339231	7.4084578	2
TAAAA	337730	2.0172503	6.593148	4
TTATT	306740	1.8507984	6.9341564	4
AATAA	305115	1.8224419	6.8510547	2
ATATT	291570	1.7533367	7.703062	1
AATAT	288940	1.7316654	5.898826	5
TCCAG	395945	1.7294743	7.0895844	2
CTGGA	393295	1.7062786	5.9368696	4
TACCG	383540	1.6752896	7.220156	7
TTCAG	342255	1.6611785	5.5402927	2
CTGCG	419860	1.6448069	5.4476304	9
GTAAA	302555	1.620786	5.047292	3
TTTAA	265295	1.5953339	5.5592546	2
TTAAA	265685	1.5922945	5.9120975	4
ATTAA	264730	1.5865709	7.3652387	3
TTAAT	263780	1.5862236	6.0985355	3
ATTAT	262355	1.5776542	7.070572	3
ATAAT	262415	1.5726967	6.8344107	3
ACCGC	373925	1.4698615	5.527175	8
AACAG	303915	1.465164	5.9727144	7
CAATA	268575	1.4485538	5.583265	4
TATTG	267980	1.4452937	7.308743	2
AACTG	296375	1.4336457	5.1520834	7
CTTTA	261220	1.4184299	6.0118613	2
TAAAG	261945	1.4032384	5.931013	4
CATTA	256375	1.3874295	6.231264	2
TATTC	253640	1.3772702	5.4467463	5
GTTAT	253845	1.3690597	5.0516315	1
GAATA	255225	1.3672395	6.5715632	1
TAATG	253955	1.3650366	5.6892233	4
GTATT	243675	1.3142099	9.255354	1
TCCTG	299430	1.312323	5.5316896	2
AATAC	242935	1.310265	7.309001	5
CAGGA	300110	1.297615	5.2275186	4
TAAAC	236815	1.2772568	5.7743497	5
ATACC	262250	1.2772133	7.317039	6
GTTTA	236605	1.2760793	6.4190354	1
ATTAC	235565	1.2748115	5.3445067	3
GGATA	263225	1.2646773	5.282134	1
ACAGC	284930	1.2403699	5.407711	8
GTTCA	248550	1.2063693	5.4704347	1
TAATA	198465	1.1894337	7.697006	4
TATTA	196040	1.1788734	9.54727	2
ACCGT	269060	1.1752447	5.6436176	8
CATAA	217790	1.1746459	5.141381	2
TACTG	230225	1.1174264	5.470434	7
TTATA	138745	0.8343339	5.2663116	4
TATAA	138405	0.8294841	6.44956	2
ATATA	118140	0.7080326	5.0760427	1
TATAC	107240	0.5803527	5.3744645	5
GTATA	106550	0.5727182	6.8377795	1
>>END_MODULE
