##FastQC	0.10.1
>>Basic Statistics	pass
#Measure	Value	
Filename	SRR10740740_1.fastq	
File type	Conventional base calls	
Encoding	Sanger / Illumina 1.9	
Total Sequences	1027813	
Filtered Sequences	0	
Sequence length	35-251	
%GC	52	
>>END_MODULE
>>Per base sequence quality	pass
#Base	Mean	Median	Lower Quartile	Upper Quartile	10th Percentile	90th Percentile
1	32.933959776729814	33.0	32.0	34.0	32.0	34.0
2	33.15251704346997	33.0	33.0	34.0	32.0	35.0
3	33.267005768559066	34.0	33.0	34.0	32.0	35.0
4	33.35489432416208	34.0	33.0	34.0	32.0	35.0
5	33.18189982029805	34.0	33.0	34.0	32.0	35.0
6	35.58967633217326	37.0	34.0	37.0	33.0	37.0
7	35.56937400091262	37.0	34.0	37.0	33.0	37.0
8	35.551815359408764	37.0	34.0	37.0	33.0	37.0
9	35.55783299102074	37.0	34.0	37.0	33.0	37.0
10-14	36.09639963689894	37.4	35.6	37.4	34.6	37.4
15-19	37.30453146632705	38.0	38.0	38.0	37.0	38.0
20-24	37.5218260520153	38.4	38.0	38.4	37.0	38.4
25-29	37.75649325315014	38.6	38.0	39.0	36.8	39.0
30-34	37.70686593767543	38.0	38.0	39.0	36.8	39.0
35-39	37.70648493541589	38.0	38.0	39.0	36.8	39.0
40-44	37.729938854777906	38.0	38.0	39.0	37.0	39.0
45-49	37.72470068935918	38.2	38.0	39.0	37.0	39.0
50-59	37.64313242977688	38.0	38.0	39.0	36.3	39.0
60-69	37.601339634232566	38.0	38.0	39.0	36.0	39.0
70-79	37.41430519057036	38.0	38.0	39.0	36.0	39.0
80-89	37.40609177315471	38.0	38.0	39.0	36.0	39.0
90-99	37.30396289838612	38.0	38.0	39.0	35.7	39.0
100-109	37.19605711680517	38.0	38.0	39.0	35.0	39.0
110-119	37.09903303075312	38.0	38.0	39.0	34.4	39.0
120-129	36.94448883882496	38.0	38.0	39.0	34.0	39.0
130-139	36.73810285521284	38.0	37.7	39.0	34.0	39.0
140-149	36.513685143720295	38.0	37.0	39.0	33.3	39.0
150-159	36.2344757177499	38.0	37.0	38.4	32.9	39.0
160-169	35.913543309887636	37.5	37.0	38.0	32.1	39.0
170-179	35.6227283778718	37.0	37.0	38.0	31.9	39.0
180-189	35.40783892046237	37.0	37.0	37.8	31.6	38.1
190-199	35.15068730769785	37.0	37.0	37.0	30.8	38.0
200-209	34.82114082060275	37.0	37.0	37.0	28.6	37.9
210-219	34.60928491502266	37.0	36.9	37.0	27.3	37.0
220-229	34.40287744462221	37.0	36.6	37.0	25.7	37.0
230-239	34.22440846245739	37.0	36.2	37.0	25.5	37.0
240-249	33.908350489039826	37.0	35.0	37.0	24.4	37.0
250-251	31.901065194392284	36.0	30.0	37.0	18.5	37.0
>>END_MODULE
>>Per sequence quality scores	pass
#Quality	Count
2	790.0
3	0.0
4	0.0
5	0.0
6	0.0
7	0.0
8	0.0
9	0.0
10	0.0
11	0.0
12	0.0
13	0.0
14	0.0
15	0.0
16	6.0
17	25.0
18	126.0
19	422.0
20	929.0
21	1576.0
22	2379.0
23	3303.0
24	4533.0
25	5732.0
26	7234.0
27	8784.0
28	10491.0
29	12693.0
30	14740.0
31	17542.0
32	21396.0
33	26322.0
34	34116.0
35	49035.0
36	89295.0
37	488505.0
38	227839.0
>>END_MODULE
>>Per base sequence content	fail
#Base	G	A	T	C
1	42.04345959145998	20.853573873223873	13.118304069139638	23.984662466176513
2	17.95860462716025	19.161109342244526	37.17472734300984	25.705558687585377
3	20.500319856517333	25.52756851599234	28.607830593862065	25.36428103362826
4	14.52022009244194	17.93913086659208	37.36780967904322	30.172839361922758
5	15.834406824384653	34.94731860922297	34.21734469432525	15.000929872067129
6	30.087933765845555	36.58983294434496	18.75878144890621	14.563451840903271
7	25.490957846124186	29.34890455228364	23.8031670176812	21.35697058391097
8	25.74421410231319	32.85077354645417	19.682714019062864	21.722298332169775
9	24.680362562474258	15.369178684411159	20.60995712851611	39.340501624598474
10-14	27.172786104762665	20.855299748087287	24.90905748501688	27.06285666213317
15-19	26.336041159740336	24.9362867238611	23.249625373531067	25.478046742867495
20-24	26.110573959882107	24.01940365503012	23.87031254412024	25.999709840967533
25-29	26.326732702188753	23.806691768344038	23.72040353526649	26.146171994200714
30-34	26.343519083798512	23.802193329652795	23.668272278225512	26.186015308323185
35-39	26.406365878628662	23.84291383491693	23.641568780585136	26.109151505869267
40-44	26.405717092203634	23.8215039295733	23.56910122178533	26.20367775643773
45-49	26.342158944012567	23.787266637452905	23.65486485502181	26.215709563512718
50-59	26.463574679365966	23.705245805497324	23.573841556940234	26.257337958196477
60-69	26.42543048864422	23.69631902599596	23.610388090869215	26.2678623944906
70-79	26.463911098637816	23.642229942235538	23.566801735317505	26.327057223809142
80-89	26.531655047556225	23.633048345014807	23.485600359934423	26.34969624749455
90-99	26.483972589287465	23.618661699247667	23.474091201885958	26.423274509578913
100-109	26.537625738749952	23.58721367682074	23.422300639505007	26.4528599449243
110-119	26.53853131561504	23.58664059000845	23.419083557010982	26.45574453736553
120-129	26.53229370942947	23.531249266801694	23.444733182101153	26.491723841667675
130-139	26.55120843379771	23.572146021610624	23.377697804858673	26.498947739732987
140-149	26.596351982780785	23.509488902220856	23.386517763281372	26.507641351716988
150-159	26.560122034602244	23.527316950858097	23.405481173997618	26.50707984054204
160-169	26.549618650934153	23.531674814418988	23.375466051357545	26.543240483289317
170-179	26.58713904855132	23.46270973444822	23.38554868053676	26.564602536463696
180-189	26.597856554699277	23.493395214097138	23.368624435824355	26.540123795379227
190-199	26.545196403792666	23.51069768864666	23.38309236782525	26.561013539735423
200-209	26.577767917852018	23.511866569497432	23.34638173762579	26.563983775024763
210-219	26.615066082103016	23.552053275060068	23.27174617963854	26.56113446319838
220-229	26.57704402663768	23.507972567100293	23.339190315977106	26.57579309028492
230-239	26.587484162121022	23.521651979943332	23.296456645518663	26.594407212416982
240-249	26.691111405094738	23.618453352148286	23.27730005438697	26.413135188370006
250-251	32.404508988898584	29.55902225415234	24.241327076550558	13.795141680398517
>>END_MODULE
>>Per base GC content	fail
#Base	%GC
1	66.02812205763648
2	43.66416331474563
3	45.864600890145596
4	44.6930594543647
5	30.835336696451783
6	44.651385606748825
7	46.847928430035154
8	47.466512434482965
9	64.02086418707273
10-14	54.23564276689583
15-19	51.81408790260783
20-24	52.11028380084964
25-29	52.47290469638946
30-34	52.52953439212169
35-39	52.51551738449793
40-44	52.609394848641365
45-49	52.557868507525285
50-59	52.72091263756244
60-69	52.69329288313482
70-79	52.790968322446965
80-89	52.88135129505077
90-99	52.90724709886637
100-109	52.99048568367426
110-119	52.994275852980564
120-129	53.024017551097145
130-139	53.0501561735307
140-149	53.103993334497765
150-159	53.067201875144285
160-169	53.09285913422347
170-179	53.151741585015024
180-189	53.13798035007851
190-199	53.10620994352809
200-209	53.14175169287678
210-219	53.17620054530139
220-229	53.152837116922605
230-239	53.181891374538004
240-249	53.104246593464744
250-251	46.1996506692971
>>END_MODULE
>>Per sequence GC content	warn
#GC Content	Count
0	790.0
1	395.0
2	0.0
3	0.0
4	0.0
5	0.0
6	0.0
7	0.0
8	0.0
9	0.0
10	0.5
11	1.0
12	2.0
13	2.5
14	1.5
15	2.5
16	4.5
17	4.333333333333333
18	5.833333333333333
19	12.0
20	23.0
21	37.0
22	52.16666666666667
23	75.33333333333333
24	120.16666666666666
25	188.16666666666669
26	263.5000000000001
27	372.6666666666665
28	532.166666666666
29	717.5000000000011
30	921.5000000000047
31	1197.333333333334
32	1533.8333333333176
33	1923.6666666666245
34	2308.6666666666497
35	2921.0000000000723
36	3634.166666666856
37	4341.333333333541
38	5290.499999999841
39	6366.999999999371
40	7330.833333332288
41	8629.99999999894
42	10174.83333333366
43	11566.333333334998
44	13269.83333333672
45	15351.833333338876
46	17777.66666667062
47	20807.99999999736
48	24181.33333332305
49	27876.666666647583
50	32140.499999970416
51	36441.83333331943
52	39644.66666666881
53	42304.16666668216
54	43450.16666668812
55	43078.66666668699
56	40990.33333334255
57	37217.16666665589
58	32430.999999967753
59	27278.66666664763
60	22262.83333332675
61	17379.16666667192
62	12973.00000000361
63	9383.666666666235
64	6477.8333333325845
65	4242.666666666942
66	2827.333333333415
67	1903.9999999999357
68	1310.1666666666606
69	880.8333333333446
70	559.6666666666644
71	332.33333333333303
72	205.00000000000043
73	123.83333333333313
74	76.33333333333333
75	43.16666666666668
76	30.33333333333331
77	24.99999999999999
78	17.666666666666675
79	8.833333333333332
80	5.999999999999999
81	3.666666666666667
82	3.0
83	3.166666666666667
84	0.6666666666666666
85	0.3333333333333333
86	0.3333333333333333
87	0.0
88	0.8333333333333333
89	0.5
90	0.3333333333333333
91	0.0
92	0.0
93	0.0
94	0.0
95	0.0
96	0.0
97	0.0
98	0.0
99	0.0
100	0.0
>>END_MODULE
>>Per base N content	pass
#Base	N-Count
1	0.07686223077544262
2	0.07686223077544262
3	0.07686223077544262
4	0.07686223077544262
5	0.07686223077544262
6	0.07686223077544262
7	0.07686223077544262
8	0.07686223077544262
9	0.07686223077544262
10-14	0.07692060715324675
15-19	0.07686223077544262
20-24	0.07686223077544262
25-29	0.07686223077544262
30-34	0.07686223077544262
35-39	0.015391281443024202
40-44	0.0
45-49	0.0
50-59	0.0
60-69	0.0
70-79	0.0
80-89	9.052594669771908E-4
90-99	0.0
100-109	7.184406471549135E-5
110-119	9.553826935955817E-4
120-129	4.7345316538160954E-4
130-139	0.0
140-149	3.254629167552649E-4
150-159	1.2150425358777207E-4
160-169	9.353055885635792E-4
170-179	8.295579803996188E-4
180-189	0.0
190-199	9.711202199490186E-5
200-209	6.51017947938846E-4
210-219	5.18196871800944E-4
220-229	4.30427860088886E-4
230-239	1.1211404913762575E-4
240-249	0.0027339729654170058
250-251	0.0
>>END_MODULE
>>Sequence Length Distribution	warn
#Length	Count
35-39	2687.0
40-44	2543.0
45-49	2924.0
50-54	2991.0
55-59	3299.0
60-64	3439.0
65-69	3717.0
70-74	3861.0
75-79	4141.0
80-84	4436.0
85-89	4692.0
90-94	4829.0
95-99	5050.0
100-104	5421.0
105-109	5489.0
110-114	5922.0
115-119	6029.0
120-124	6502.0
125-129	6751.0
130-134	7132.0
135-139	7276.0
140-144	7681.0
145-149	7976.0
150-154	8516.0
155-159	8817.0
160-164	9109.0
165-169	9643.0
170-174	9989.0
175-179	10369.0
180-184	10707.0
185-189	11425.0
190-194	11799.0
195-199	12281.0
200-204	12825.0
205-209	13409.0
210-214	13606.0
215-219	13850.0
220-224	14627.0
225-229	14931.0
230-234	15074.0
235-239	15294.0
240-244	16060.0
245-249	65069.0
250-252	615625.0
>>END_MODULE
>>Sequence Duplication Levels	warn
#Total Duplicate Percentage	34.50168380383803
#Duplication Level	Relative count
1	100.0
2	29.067243555074814
3	9.530196502614025
4	3.322877230935641
5	1.3001622498647918
6	0.5422751036596358
7	0.22282314764737696
8	0.10600324499729584
9	0.04542996214169821
10++	0.08509104020191094
>>END_MODULE
>>Overrepresented sequences	pass
>>END_MODULE
>>Kmer Content	warn
#Sequence	Count	Obs/Exp Overall	Obs/Exp Max	Max Obs/Exp Position
TTTTT	581375	3.527629	3.9762535	2
AAAAA	591625	3.5096931	4.385462	15-19
CAGCG	680960	2.6485763	7.0966187	9
CAGCA	516035	2.2391787	5.4445434	4
TGCTG	509165	2.2121677	5.4609637	2
TTTAT	364655	2.2026622	7.8769674	3
ATAAA	367255	2.1885228	9.677829	3
GTTTT	401195	2.1722136	6.2714562	1
AAAAC	404925	2.169952	5.6258397	5
TTTTA	340340	2.05579	7.2812304	2
TTATC	378410	2.0555136	5.8335133	4
TAAAA	342990	2.0439243	7.0200176	4
GATAA	378750	2.0230997	5.730516	2
TTATT	304615	1.8399966	7.248134	4
AATAA	305455	1.8202482	7.3791814	2
ATATT	289015	1.7379022	7.801947	1
TCCAG	395565	1.7242023	6.462708	2
AATAT	287260	1.7195679	6.323646	5
CTGGA	395350	1.7099386	5.692305	4
TACCG	381670	1.6636361	6.949918	7
TTCAG	343115	1.6630986	5.2053595	2
TTTAC	305520	1.659577	5.006107	3
CTGCG	422370	1.6502309	5.51888	9
GTAAA	306360	1.6364273	5.268094	3
TTTAA	267050	1.6058224	6.227061	2
TTAAA	267545	1.6015519	5.9694176	4
ATTAA	265785	1.5910164	7.799602	3
TTAAT	262980	1.581349	6.180935	4
ATTAT	260520	1.5665565	7.380221	3
ATAAT	261040	1.5626123	7.4847307	3
ACCGC	376275	1.4749177	5.468109	8
AACAG	303860	1.4595879	6.042894	7
AACTG	300005	1.4475914	5.240075	7
TATTG	267850	1.443703	7.276848	2
CAATA	266445	1.4343126	5.9167547	4
CTTTA	263305	1.4302664	5.94066	2
TAAAG	264350	1.41203	6.5617037	4
CATTA	255765	1.3830508	6.4886975	2
ATTGA	257440	1.3813429	5.0861354	3
TAATG	254880	1.3676065	6.0269227	4
TATTC	251415	1.36568	5.797798	5
GTTAT	252695	1.3620181	5.4340096	1
GAATA	254050	1.3570125	6.8485227	1
TCCTG	296960	1.3002567	5.580296	2
AATAC	241380	1.299384	7.344326	5
GTATT	240970	1.2988207	10.442749	1
GTTTA	238765	1.2869359	6.562158	1
TATCC	262260	1.2810968	5.069279	5
ATACC	262315	1.2755932	6.964838	6
TAAAC	236095	1.2709341	5.1321797	5
ATTAC	235025	1.2708992	5.8724194	3
GGATA	263185	1.2601058	5.823918	1
ACAGC	286055	1.2412497	5.130709	8
GTTCA	246420	1.1944124	5.099128	1
CATAA	218560	1.1765406	5.244262	2
TTATG	217500	1.1723181	5.014646	4
TAATA	195030	1.1674696	7.897998	4
ACCGT	266620	1.1621524	5.4882865	8
TATTA	192505	1.1575692	10.516814	2
TACTG	229740	1.1135633	5.5293665	7
TTATA	140175	0.84289896	5.956892	4
TATAA	137860	0.8252441	7.21578	2
ATATA	115375	0.69064665	5.300318	1
TATAC	108230	0.58525443	5.4872456	5
GTATA	106545	0.57168734	6.661956	1
>>END_MODULE
