##FastQC	0.10.1
>>Basic Statistics	pass
#Measure	Value	
Filename	SRR10740745_1.fastq	
File type	Conventional base calls	
Encoding	Sanger / Illumina 1.9	
Total Sequences	1051202	
Filtered Sequences	0	
Sequence length	35-251	
%GC	52	
>>END_MODULE
>>Per base sequence quality	pass
#Base	Mean	Median	Lower Quartile	Upper Quartile	10th Percentile	90th Percentile
1	32.95110739895853	33.0	32.0	34.0	32.0	34.0
2	33.1070983502695	33.0	33.0	34.0	32.0	35.0
3	33.24375524399687	34.0	33.0	34.0	32.0	35.0
4	33.33551686545498	34.0	33.0	34.0	32.0	35.0
5	33.23134754309828	34.0	33.0	34.0	32.0	35.0
6	35.58903807260641	37.0	34.0	37.0	33.0	37.0
7	35.561866320650076	37.0	34.0	37.0	33.0	37.0
8	35.51885746031686	37.0	34.0	37.0	33.0	37.0
9	35.530388070037915	37.0	34.0	37.0	33.0	37.0
10-14	36.071016417396464	37.4	35.6	37.4	34.6	37.4
15-19	37.2703683973204	38.0	38.0	38.0	37.0	38.0
20-24	37.48818171959338	38.4	38.0	38.4	37.0	38.4
25-29	37.71682569097091	38.0	38.0	39.0	36.8	39.0
30-34	37.66628621330629	38.0	38.0	39.0	36.4	39.0
35-39	37.66147325696725	38.0	38.0	39.0	36.2	39.0
40-44	37.688306241906005	38.0	38.0	39.0	36.6	39.0
45-49	37.688463365839766	38.0	38.0	39.0	36.6	39.0
50-59	37.60103840981855	38.0	38.0	39.0	36.0	39.0
60-69	37.561811624489906	38.0	38.0	39.0	36.0	39.0
70-79	37.36351009058227	38.0	38.0	39.0	36.0	39.0
80-89	37.363081775668675	38.0	38.0	39.0	36.0	39.0
90-99	37.258831398616984	38.0	38.0	39.0	35.5	39.0
100-109	37.15068650929146	38.0	38.0	39.0	34.9	39.0
110-119	37.05223443229819	38.0	38.0	39.0	34.2	39.0
120-129	36.894466311686294	38.0	38.0	39.0	34.0	39.0
130-139	36.679726393316	38.0	37.5	39.0	33.8	39.0
140-149	36.45754182946373	38.0	37.0	39.0	33.3	39.0
150-159	36.180684915754185	38.0	37.0	38.4	32.8	39.0
160-169	35.8586715859833	37.5	37.0	38.0	32.0	39.0
170-179	35.564209149876405	37.0	37.0	38.0	31.7	39.0
180-189	35.35296030104331	37.0	37.0	37.8	31.3	38.1
190-199	35.09345271330979	37.0	37.0	37.0	30.7	38.0
200-209	34.761343324767054	37.0	37.0	37.0	28.1	37.9
210-219	34.541119617481186	37.0	36.8	37.0	26.7	37.0
220-229	34.340947234500234	37.0	36.6	37.0	25.6	37.0
230-239	34.1621952706069	37.0	35.9	37.0	25.3	37.0
240-249	33.851219763658364	37.0	34.6	37.0	24.2	37.0
250-251	31.840727590561535	36.0	29.5	37.0	18.5	37.0
>>END_MODULE
>>Per sequence quality scores	pass
#Quality	Count
2	789.0
3	0.0
4	0.0
5	0.0
6	0.0
7	0.0
8	0.0
9	0.0
10	0.0
11	0.0
12	0.0
13	0.0
14	0.0
15	0.0
16	4.0
17	15.0
18	128.0
19	401.0
20	987.0
21	1792.0
22	2584.0
23	3623.0
24	4769.0
25	6047.0
26	7650.0
27	9285.0
28	11294.0
29	13438.0
30	15856.0
31	19019.0
32	22855.0
33	28414.0
34	36559.0
35	52079.0
36	93838.0
37	502358.0
38	217418.0
>>END_MODULE
>>Per base sequence content	fail
#Base	G	A	T	C
1	42.03594205326857	20.90016022269336	13.555810904853615	23.508086819184452
2	17.97016982843891	19.009951323907835	37.44784194407343	25.572036903579832
3	20.665776223256948	25.29119498711459	28.52354264465501	25.519486144973452
4	14.703454736375122	17.805472704545735	36.94594411912267	30.545128439956475
5	16.10766431870131	34.7450955005317	33.87686557573069	15.270374605036304
6	30.4921968787515	36.196810207032854	18.60715737524193	14.703835538973717
7	25.89181588575161	29.079609639256176	23.523699725726928	21.50487474926529
8	25.916948857259005	32.86650108100338	19.50965953391666	21.706890527820963
9	24.701617363836892	15.5130410609922	20.586569282748783	39.19877229242212
10-14	27.24040058163811	20.832118731249036	24.757585733453695	27.169894953659163
15-19	26.339968439074617	24.916851736764823	23.224793147989057	25.518386676171502
20-24	26.14954308448201	23.970000371282534	23.895896185595568	25.984560358639886
25-29	26.34451401496364	23.822096641987482	23.71358694151729	26.11980240153159
30-34	26.35302495304228	23.77034556883816	23.704162077202014	26.172467400917544
35-39	26.415051562850973	23.839585797768155	23.620832576816543	26.12453006256434
40-44	26.405882956073157	23.76211176341089	23.56779656648083	26.264208714035124
45-49	26.419830273338757	23.68244180350323	23.63360772432234	26.264120198835677
50-59	26.444014022869595	23.685216589005893	23.585511905971522	26.285257482152986
60-69	26.484117255101353	23.701957269898315	23.546471133151776	26.267454341848552
70-79	26.472072995524254	23.635131507600775	23.553469981521168	26.3393255153538
80-89	26.504107462467243	23.62486128946356	23.5015750405216	26.369456207547604
90-99	26.482723528485952	23.59505894936567	23.521131897595126	26.401085624553254
100-109	26.508494431748925	23.592222835339456	23.46569692495295	26.43358580795867
110-119	26.54339252737781	23.554191912524523	23.433770498270913	26.468645061826745
120-129	26.555012292257572	23.528810883880823	23.440898647498546	26.47527817636306
130-139	26.59505156687455	23.52558413198034	23.375534829325918	26.503829471819195
140-149	26.59794491144096	23.531554007008225	23.37082828709554	26.499672794455275
150-159	26.58328020880238	23.470008165826325	23.37857270929979	26.568138916071504
160-169	26.61740725520222	23.436540647655253	23.374652996024256	26.57139910111827
170-179	26.628713234874635	23.478047408483004	23.338292049043318	26.554947307599043
180-189	26.628440416272735	23.45631176039825	23.351518406263118	26.563729417065897
190-199	26.60271767764198	23.448659977651822	23.372606689400826	26.57601565530538
200-209	26.619210740308887	23.45515100143924	23.32278603194365	26.602852226308222
210-219	26.632001853830907	23.467130678457135	23.284326426770257	26.616541040941698
220-229	26.5914393344056	23.45187616194812	23.33130660447497	26.62537789917131
230-239	26.60816541141137	23.470912864787962	23.268820309844784	26.652101413955876
240-249	26.75230325602474	23.547323704702837	23.24597619604943	26.454396843222995
250-251	32.47182449596252	29.33084657601752	24.367591133605334	13.829737794414617
>>END_MODULE
>>Per base GC content	fail
#Base	%GC
1	65.54402887245303
2	43.54220673201874
3	46.185262368230404
4	45.2485831763316
5	31.378038923737616
6	45.19603241772522
7	47.39669063501689
8	47.62383938507996
9	63.900389656259016
10-14	54.41029553529727
15-19	51.85835511524613
20-24	52.134103443121894
25-29	52.46431641649523
30-34	52.52549235395983
35-39	52.53958162541531
40-44	52.67009167010828
45-49	52.68395047217444
50-59	52.72927150502258
60-69	52.75157159694991
70-79	52.81139851087805
80-89	52.873563670014846
90-99	52.88380915303921
100-109	52.9420802397076
110-119	53.01203758920457
120-129	53.030290468620635
130-139	53.09888103869375
140-149	53.097617705896226
150-159	53.15141912487389
160-169	53.1888063563205
170-179	53.183660542473675
180-189	53.19216983333863
190-199	53.17873333294736
200-209	53.22206296661711
210-219	53.24854289477261
220-229	53.216817233576904
230-239	53.26026682536725
240-249	53.206700099247726
250-251	46.30156229037715
>>END_MODULE
>>Per sequence GC content	warn
#GC Content	Count
0	789.0
1	394.5
2	0.0
3	0.0
4	0.0
5	0.0
6	0.0
7	0.0
8	0.0
9	0.0
10	0.0
11	0.0
12	0.5
13	1.5
14	2.5
15	2.5
16	2.5
17	4.5
18	8.0
19	9.5
20	14.5
21	27.833333333333332
22	39.5
23	64.0
24	113.33333333333331
25	160.83333333333337
26	215.33333333333337
27	318.8333333333333
28	469.9999999999992
29	649.8333333333336
30	814.5000000000023
31	1015.5000000000084
32	1337.4999999999957
33	1735.999999999969
34	2099.6666666666197
35	2623.1666666666956
36	3316.1666666668216
37	4066.16666666697
38	5087.666666666594
39	6087.499999999489
40	7173.166666665616
41	8523.49999999876
42	10038.333333333589
43	11565.833333335106
44	13405.833333337041
45	15663.333333339544
46	17938.500000003554
47	20896.499999997
48	24460.16666665541
49	28381.66666664536
50	32521.999999967793
51	36765.833333320625
52	40330.16666667216
53	43014.1666666866
54	44385.166666694335
55	43901.00000002542
56	41664.00000001306
57	37650.6666666584
58	32514.333333299644
59	27344.83333331342
60	22341.33333332643
61	17248.166666672452
62	12898.000000003696
63	9151.333333332579
64	6223.666666665994
65	4160.333333333697
66	2763.6666666667434
67	1822.1666666666063
68	1259.3333333333317
69	786.8333333333406
70	505.49999999999596
71	322.333333333333
72	203.1666666666673
73	131.49999999999983
74	76.33333333333333
75	51.833333333333385
76	34.83333333333332
77	21.66666666666666
78	17.500000000000007
79	8.333333333333334
80	5.833333333333333
81	5.5
82	4.5
83	1.9999999999999998
84	1.6666666666666665
85	0.6666666666666666
86	0.6666666666666666
87	0.6666666666666666
88	0.0
89	0.0
90	0.0
91	0.0
92	0.3333333333333333
93	0.3333333333333333
94	0.0
95	0.0
96	0.0
97	0.0
98	0.0
99	0.0
100	0.0
>>END_MODULE
>>Per base N content	pass
#Base	N-Count
1	0.07505693482318336
2	0.07505693482318336
3	0.07505693482318336
4	0.07505693482318336
5	0.07505693482318336
6	0.07505693482318336
7	0.07505693482318336
8	0.07505693482318336
9	0.07505693482318336
10-14	0.07509498650116724
15-19	0.0750759606621753
20-24	0.07505693482318336
25-29	0.07505693482318336
30-34	0.07505693482318336
35-39	0.01502964211164757
40-44	0.0
45-49	0.0
50-59	0.0
60-69	0.0
70-79	0.0
80-89	9.6262736763358E-4
90-99	0.0
100-109	2.1019211559365262E-4
110-119	9.508993028997674E-4
120-129	4.6059289974550706E-4
130-139	0.0
140-149	3.155806257479918E-4
150-159	1.2822532095332106E-4
160-169	6.629999508727905E-4
170-179	6.53575801832272E-4
180-189	2.262621837943557E-5
190-199	1.0421420233465289E-4
200-209	4.8707030301475135E-4
210-219	4.277676967190585E-4
220-229	3.152959658007294E-4
230-239	1.436241705377733E-4
240-249	0.002475351550923354
250-251	8.768530096225849E-5
>>END_MODULE
>>Sequence Length Distribution	warn
#Length	Count
35-39	2714.0
40-44	2554.0
45-49	2947.0
50-54	2990.0
55-59	3223.0
60-64	3351.0
65-69	3617.0
70-74	3863.0
75-79	4061.0
80-84	4233.0
85-89	4448.0
90-94	4660.0
95-99	4877.0
100-104	5099.0
105-109	5082.0
110-114	5491.0
115-119	5603.0
120-124	5972.0
125-129	6211.0
130-134	6470.0
135-139	6731.0
140-144	7066.0
145-149	7242.0
150-154	7621.0
155-159	7674.0
160-164	8110.0
165-169	8534.0
170-174	8920.0
175-179	9223.0
180-184	9574.0
185-189	10022.0
190-194	10413.0
195-199	10767.0
200-204	11187.0
205-209	11564.0
210-214	12045.0
215-219	12523.0
220-224	12781.0
225-229	13493.0
230-234	13657.0
235-239	14025.0
240-244	14426.0
245-249	68401.0
250-252	667737.0
>>END_MODULE
>>Sequence Duplication Levels	warn
#Total Duplicate Percentage	34.86120626520825
#Duplication Level	Relative count
1	100.0
2	29.46765992325715
3	9.60881454777569
4	3.507830237264531
5	1.3796305027454792
6	0.5585254926992739
7	0.27128381073964736
8	0.11895867636711809
9	0.060204695966285374
10++	0.09864865845078084
>>END_MODULE
>>Overrepresented sequences	pass
>>END_MODULE
>>Kmer Content	warn
#Sequence	Count	Obs/Exp Overall	Obs/Exp Max	Max Obs/Exp Position
TTTTT	596565	3.5114336	4.1148095	240-247
AAAAA	601520	3.4808626	4.339668	15-19
CAGCG	707800	2.6528068	7.0558414	9
CAGCA	536145	2.2490284	5.636783	4
TGCTG	525025	2.1995525	5.7270827	2
TTTAT	370980	2.176202	7.947599	3
ATAAA	374210	2.1728523	8.832526	3
GTTTT	413515	2.167317	6.165418	1
AAAAC	413770	2.156714	5.339758	5
TTTTA	349035	2.0474706	7.20617	2
GATAA	394380	2.0460303	5.2572594	2
TTATC	387910	2.0426712	5.884968	4
TAAAA	347450	2.0174701	6.8497143	4
TTATT	314050	1.8422455	7.017561	4
AATAA	313105	1.8180459	6.9462805	2
ATATT	297685	1.7403145	7.700222	1
TCCAG	411690	1.7328502	6.752666	2
AATAT	294260	1.7144469	6.265858	5
CTGGA	409170	1.7083628	5.7353997	4
TTCAG	359860	1.6873512	5.432556	2
TACCG	397450	1.6729124	7.1633325	7
CTGCG	440980	1.6584105	5.603875	9
GTAAA	315940	1.6390861	5.3607945	3
TTTAA	271825	1.5891327	6.13814	2
TTAAT	270020	1.5785804	6.1511035	3
TTAAA	270590	1.5765382	5.477781	4
ATTAA	270150	1.5739746	7.2606435	3
ATTAT	268385	1.5690219	7.4798455	3
ATAAT	268590	1.5648856	6.9312015	3
AACAG	315595	1.4697589	5.9481854	7
ACCGC	387545	1.4643053	5.2364326	8
TATTG	277760	1.4508511	7.4127464	2
AACTG	309450	1.4460537	5.1654143	7
CAATA	275725	1.4420744	5.6420956	4
CTTTA	268625	1.4145358	6.2352633	2
TAAAG	270330	1.402463	6.235087	4
CATTA	263510	1.3828868	6.6039143	2
GTTAT	264035	1.37916	5.4205713	1
GAATA	265510	1.377457	6.3386216	1
TATTC	260095	1.369618	5.733173	5
TAATG	261725	1.3624493	5.5753007	4
AATAC	251985	1.3179115	7.4338818	5
TCCTG	311435	1.3153342	5.572264	2
GTATT	250735	1.3096889	9.82189	1
ATACC	272230	1.2824613	7.10335	6
ATTAC	243675	1.2787938	5.7486057	3
GTTTA	244545	1.277356	6.4224505	1
TAAAC	243965	1.2759659	5.1086187	5
TATCC	269865	1.2756537	5.0155	5
GGATA	274440	1.2721168	5.40644	1
ACAGC	298260	1.2511454	5.5344663	8
GTTCA	258440	1.211802	5.2402077	1
TTATG	224780	1.1741154	5.1541753	4
CATAA	224270	1.1729587	5.473934	2
TATTA	200190	1.1703429	10.007696	2
ACCGT	277955	1.1699443	5.4599996	8
TAATA	199335	1.1613853	7.8936887	4
TACTG	240370	1.1270734	6.1135755	7
TTATA	140970	0.82413334	5.885355	4
TATAA	140640	0.8194107	6.8343067	2
ATACT	132085	0.69317514	5.0969415	6
ATATA	118945	0.69300914	5.238774	1
TATAC	111555	0.58543485	5.539142	5
GTATA	110105	0.5731684	7.0874434	1
>>END_MODULE
