##FastQC	0.10.1
>>Basic Statistics	pass
#Measure	Value	
Filename	SRR10740746_1.fastq	
File type	Conventional base calls	
Encoding	Sanger / Illumina 1.9	
Total Sequences	999592	
Filtered Sequences	0	
Sequence length	35-251	
%GC	52	
>>END_MODULE
>>Per base sequence quality	pass
#Base	Mean	Median	Lower Quartile	Upper Quartile	10th Percentile	90th Percentile
1	32.817450519812084	33.0	32.0	34.0	32.0	34.0
2	32.913332639717005	33.0	32.0	34.0	32.0	34.0
3	33.04363080136696	33.0	33.0	34.0	32.0	35.0
4	33.123369334688554	33.0	33.0	34.0	32.0	35.0
5	32.986016294648216	33.0	33.0	34.0	32.0	35.0
6	35.48508691546151	37.0	34.0	37.0	33.0	37.0
7	35.456589288429676	37.0	34.0	37.0	33.0	37.0
8	35.42185611729586	37.0	34.0	37.0	33.0	37.0
9	35.44082485654147	37.0	34.0	37.0	33.0	37.0
10-14	35.97989179585271	37.4	35.6	37.4	34.2	37.4
15-19	37.19571985370031	38.0	38.0	38.0	36.0	38.0
20-24	37.414189389270824	38.0	38.0	38.4	36.2	38.4
25-29	37.62582593698229	38.0	38.0	39.0	36.0	39.0
30-34	37.56963921279882	38.0	38.0	39.0	36.0	39.0
35-39	37.56642327852019	38.0	38.0	39.0	36.0	39.0
40-44	37.5975728230438	38.0	38.0	39.0	36.0	39.0
45-49	37.59459494811938	38.0	38.0	39.0	36.0	39.0
50-59	37.497369453290325	38.0	38.0	39.0	36.0	39.0
60-69	37.45602792544862	38.0	38.0	39.0	36.0	39.0
70-79	37.240071206004124	38.0	38.0	39.0	36.0	39.0
80-89	37.24408093267904	38.0	38.0	39.0	35.8	39.0
90-99	37.12777726345075	38.0	38.0	39.0	34.9	39.0
100-109	37.01351727684897	38.0	38.0	39.0	34.1	39.0
110-119	36.91400124135043	38.0	38.0	39.0	34.0	39.0
120-129	36.74793294413108	38.0	38.0	39.0	34.0	39.0
130-139	36.53028615779925	38.0	37.1	39.0	33.2	39.0
140-149	36.30102423241245	38.0	37.0	39.0	32.5	39.0
150-159	36.02550128212997	38.0	37.0	38.4	32.0	39.0
160-169	35.69456812937189	37.3	37.0	38.0	31.8	39.0
170-179	35.386649622872355	37.0	37.0	38.0	30.9	38.9
180-189	35.16922619806624	37.0	37.0	37.7	30.3	38.0
190-199	34.8916720084119	37.0	37.0	37.0	29.1	38.0
200-209	34.52873325064122	37.0	36.7	37.0	26.1	37.9
210-219	34.29232014635982	37.0	36.1	37.0	25.4	37.0
220-229	34.073554823514826	37.0	35.3	37.0	25.0	37.0
230-239	33.87444292086348	37.0	34.6	37.0	24.2	37.0
240-249	33.52457141501808	37.0	33.4	37.0	22.2	37.0
250-251	31.438970551237574	35.0	28.5	37.0	18.5	37.0
>>END_MODULE
>>Per sequence quality scores	pass
#Quality	Count
2	645.0
3	0.0
4	0.0
5	0.0
6	0.0
7	0.0
8	0.0
9	0.0
10	0.0
11	0.0
12	0.0
13	0.0
14	0.0
15	0.0
16	3.0
17	25.0
18	133.0
19	432.0
20	1001.0
21	1805.0
22	2702.0
23	3718.0
24	5003.0
25	6314.0
26	7934.0
27	9766.0
28	11639.0
29	13835.0
30	16516.0
31	19733.0
32	23810.0
33	29124.0
34	37958.0
35	53910.0
36	98601.0
37	463910.0
38	191075.0
>>END_MODULE
>>Per base sequence content	fail
#Base	G	A	T	C
1	42.11915146649422	20.754354335114876	13.47488905817826	23.651605140212645
2	18.02698241248034	19.12413771701602	37.02969226595605	25.81918760454759
3	20.824628333635317	25.076505560355056	28.287887145163857	25.81097896084577
4	14.844531291449897	17.758599805595292	36.45648868258276	30.94038022037205
5	16.200158767181843	34.66009708222759	33.778869149214124	15.360875001376451
6	30.725754219192808	36.02453383412734	18.471250226488493	14.77846172019136
7	26.1750623406447	29.095637706504952	23.149876820291766	21.579423132558585
8	25.966342558714327	32.857799262623544	19.409738454592688	21.766119724069448
9	24.776689854416702	15.498119519854406	20.456740948218474	39.26844967751042
10-14	27.279141303277132	20.824240419706204	24.663365321702948	27.23325295531372
15-19	26.373771581475292	24.898317928779004	23.136122336820673	25.591788152925034
20-24	26.160787309036415	23.96449461282731	23.820723221552296	26.053994856583984
25-29	26.353750499275737	23.78344396649672	23.642435484565247	26.220370049662296
30-34	26.401520801403876	23.732330143641253	23.609160445949584	26.256988609005283
35-39	26.471583891429034	23.752001592861287	23.605194746922944	26.17121976878673
40-44	26.440030950110604	23.783446346185336	23.497763822402874	26.27875888130119
45-49	26.44832063191476	23.68982627129635	23.61237312070044	26.249479976088452
50-59	26.5080525985567	23.650145340666757	23.5245497709155	26.317252289861052
60-69	26.50506042697077	23.685632553625137	23.51044616239069	26.298860857013413
70-79	26.530682133103095	23.594742264848037	23.49488933529209	26.379686266756774
80-89	26.570665145545796	23.576720915673	23.446820463087334	26.405793475693873
90-99	26.54565069327614	23.573623738959267	23.46059681707539	26.420128750689205
100-109	26.574577352693108	23.559349934563866	23.40539181998963	26.460680892753395
110-119	26.591420617094887	23.538492028234835	23.383267726837076	26.486819627833203
120-129	26.603418883320952	23.499323841867646	23.370356819150132	26.526900455661274
130-139	26.627929571770153	23.503975224989716	23.349937435082364	26.518157768157767
140-149	26.64853212495363	23.477032989938092	23.354691179259394	26.519743705848885
150-159	26.615876719723847	23.4814374453033	23.34352558048639	26.559160254486464
160-169	26.636668959935015	23.46163606461403	23.3326440162022	26.56905095924876
170-179	26.67504199852983	23.480509628570257	23.304945887735844	26.539502485164068
180-189	26.643476886454692	23.488884471787898	23.285037921876384	26.58260071988103
190-199	26.644377711651174	23.44126097700725	23.317696495602686	26.59666481573889
200-209	26.682685072277586	23.438192806160092	23.275529982089637	26.60359213947269
210-219	26.679248426126854	23.486174381828373	23.24127133909835	26.59330585294642
220-229	26.64070143444252	23.485785103495868	23.25747386035021	26.6160396017114
230-239	26.666303115585915	23.487344065398716	23.18318392601998	26.663168892995394
240-249	26.790675674860804	23.57897316058395	23.178137249898555	26.452213914656692
250-251	32.60282780017082	29.421980601435394	24.172118034882416	13.803073563511372
>>END_MODULE
>>Per base GC content	fail
#Base	%GC
1	65.77075660670685
2	43.84617001702793
3	46.63560729448109
4	45.784911511821946
5	31.561033768558293
6	45.504215939384174
7	47.75448547320328
8	47.73246228278377
9	64.04513953192712
10-14	54.512394258590845
15-19	51.96555973440032
20-24	52.2147821656204
25-29	52.57412054893803
30-34	52.65850941040916
35-39	52.64280366021576
40-44	52.7187898314118
45-49	52.697800608003206
50-59	52.82530488841775
60-69	52.80392128398418
70-79	52.91036839985988
80-89	52.976458621239665
90-99	52.965779443965346
100-109	53.03525824544651
110-119	53.07824024492809
120-129	53.130319338982225
130-139	53.14608733992792
140-149	53.168275830802514
150-159	53.17503697421031
160-169	53.20571991918377
170-179	53.214544483693906
180-189	53.22607760633572
190-199	53.24104252739007
200-209	53.28627721175027
210-219	53.27255427907328
220-229	53.25674103615392
230-239	53.329472008581305
240-249	53.242889589517496
250-251	46.40590136368219
>>END_MODULE
>>Per sequence GC content	warn
#GC Content	Count
0	645.0
1	322.5
2	0.0
3	0.0
4	0.0
5	0.0
6	0.0
7	0.0
8	0.0
9	0.0
10	0.0
11	0.0
12	0.5
13	1.5
14	1.5
15	1.0
16	1.0
17	2.0
18	5.0
19	11.833333333333332
20	17.0
21	19.0
22	31.5
23	56.5
24	81.33333333333333
25	113.33333333333333
26	166.33333333333337
27	234.3333333333334
28	354.1666666666665
29	496.9999999999992
30	670.6666666666673
31	866.666666666671
32	1112.8333333333387
33	1471.1666666666547
34	1851.8333333332969
35	2331.499999999989
36	2947.16666666675
37	3600.333333333541
38	4479.500000000147
39	5453.4999999997635
40	6485.666666665953
41	7796.333333331981
42	9247.833333332772
43	10653.666666667452
44	12519.166666669455
45	14563.166666671665
46	16991.50000000566
47	20095.499999998778
48	23451.666666657726
49	27303.666666648336
50	31733.49999997032
51	35991.33333331716
52	39249.333333333736
53	41680.50000001316
54	42879.00000001974
55	42261.33333334973
56	39824.66666667032
57	36001.83333331624
58	31229.666666636895
59	26027.666666650563
60	21129.99999999616
61	16484.33333334098
62	12254.333333336182
63	8818.33333333229
64	5984.999999999438
65	3975.3333333336936
66	2616.3333333333767
67	1751.666666666613
68	1180.6666666666697
69	754.0000000000065
70	461.6666666666626
71	295.50000000000017
72	182.83333333333377
73	111.83333333333312
74	68.00000000000006
75	44.16666666666669
76	36.666666666666664
77	23.166666666666657
78	18.0
79	9.666666666666666
80	2.6666666666666665
81	2.333333333333333
82	1.8333333333333333
83	0.6666666666666666
84	1.3333333333333333
85	0.6666666666666666
86	0.3333333333333333
87	0.3333333333333333
88	0.0
89	0.0
90	0.0
91	0.0
92	0.0
93	0.0
94	0.0
95	0.0
96	0.0
97	0.5
98	0.5
99	0.0
100	0.0
>>END_MODULE
>>Per base N content	pass
#Base	N-Count
1	0.06452632674131045
2	0.06452632674131045
3	0.06452632674131045
4	0.06452632674131045
5	0.06452632674131045
6	0.06452632674131045
7	0.06452632674131045
8	0.06452632674131045
9	0.06452632674131045
10-14	0.06458635123130237
15-19	0.06452632674131045
20-24	0.06452632674131045
25-29	0.06452632674131045
30-34	0.06452632674131045
35-39	0.012918294889222116
40-44	0.0
45-49	0.0
50-59	0.0
60-69	0.0
70-79	0.0
80-89	0.0013085699689786487
90-99	0.0
100-109	3.4644392631830574E-4
110-119	8.067395017980207E-4
120-129	3.5459895502911576E-4
130-139	0.0
140-149	3.0961316820188724E-4
150-159	1.3493193190030375E-4
160-169	5.842931015835947E-4
170-179	6.083739159683529E-4
180-189	3.592219396476009E-5
190-199	8.60133876151535E-5
200-209	5.943949066173985E-4
210-219	4.960962447603098E-4
220-229	3.7857933238075566E-4
230-239	1.9676695034838996E-4
240-249	0.0019854617139740917
250-251	9.510956145932307E-5
>>END_MODULE
>>Sequence Length Distribution	warn
#Length	Count
35-39	2121.0
40-44	1932.0
45-49	2302.0
50-54	2597.0
55-59	2833.0
60-64	2997.0
65-69	3339.0
70-74	3558.0
75-79	3773.0
80-84	3982.0
85-89	4179.0
90-94	4454.0
95-99	4550.0
100-104	4901.0
105-109	5114.0
110-114	5442.0
115-119	5527.0
120-124	5965.0
125-129	6103.0
130-134	6434.0
135-139	6752.0
140-144	7050.0
145-149	7401.0
150-154	7684.0
155-159	8087.0
160-164	8422.0
165-169	8946.0
170-174	9272.0
175-179	9694.0
180-184	10008.0
185-189	10413.0
190-194	10990.0
195-199	11414.0
200-204	11712.0
205-209	12294.0
210-214	12521.0
215-219	13129.0
220-224	13466.0
225-229	13807.0
230-234	14303.0
235-239	14716.0
240-244	14855.0
245-249	64777.0
250-252	615776.0
>>END_MODULE
>>Sequence Duplication Levels	warn
#Total Duplicate Percentage	33.67350797417257
#Duplication Level	Relative count
1	100.0
2	28.281986046080718
3	9.033701779516672
4	3.124309608819903
5	1.2093871820637263
6	0.46750618234166436
7	0.2102352496810838
8	0.08837007105238777
9	0.04632302111617101
10++	0.07055352446924508
>>END_MODULE
>>Overrepresented sequences	pass
>>END_MODULE
>>Kmer Content	warn
#Sequence	Count	Obs/Exp Overall	Obs/Exp Max	Max Obs/Exp Position
TTTTT	544955	3.4407022	3.8727593	240-247
AAAAA	557340	3.411884	4.246266	240-247
CAGCG	662995	2.6018264	7.0798507	9
CAGCA	508295	2.238269	5.8254533	4
TGCTG	500770	2.2146032	6.0216813	2
GTTTT	385525	2.1558974	6.080386	1
TTTAT	340310	2.1353972	7.516826	3
ATAAA	346145	2.1321344	8.905006	3
TTATC	361780	2.0269427	5.9307675	4
GATAA	368255	2.0215142	5.325125	2
TTTTA	317375	1.9914833	6.7186403	2
TAAAA	321975	1.9832556	6.397705	4
TTATT	285905	1.7940136	7.030975	4
AATAA	288355	1.7761679	7.0858502	2
TCCAG	390215	1.7289518	6.8172336	2
CTGGA	392960	1.7271235	5.906816	4
ATATT	273170	1.7035486	7.1808248	1
AATAT	271080	1.6801052	5.655813	5
TTCAG	335280	1.6637714	5.390134	2
TACCG	372150	1.64891	7.072083	7
CTGCG	409875	1.6184598	5.52077	9
ATTAA	250370	1.5517483	7.4999504	3
TTAAA	250045	1.549734	5.9917345	4
TTTAA	247430	1.543028	5.6908545	2
ATTAT	244960	1.5276246	7.6567864	3
TTAAT	244360	1.523883	6.1254296	3
ATAAT	244090	1.512826	7.0337753	3
AACAG	299880	1.4698348	5.969122	7
ACCGC	367775	1.4549701	5.2161517	8
TATTG	258305	1.4355749	7.1925187	2
AACTG	290705	1.4336925	5.2042	7
CAATA	257390	1.4243726	5.62535	4
CTTTA	251325	1.408097	5.8687954	2
TAAAG	254155	1.3951689	6.272353	4
CATTA	245415	1.3665186	6.442408	2
TATTC	241865	1.3550954	5.589919	5
GTTAT	243630	1.3540162	5.2991037	1
GAATA	246560	1.3534765	6.885623	1
TAATG	242865	1.3414532	5.5230775	4
GTATT	234770	1.3047751	9.885103	1
AATAC	234660	1.2985868	6.9230375	5
TCCTG	290810	1.2964947	5.3997993	2
CAGGA	296740	1.29619	5.179519	4
ATACC	257870	1.2820594	6.7806687	6
TATCC	254930	1.2752953	5.190327	5
GGATA	259205	1.2680695	5.3626	1
GTTTA	228130	1.2678722	6.0982723	1
ATTAC	225780	1.257187	5.6909986	3
TAAAC	225485	1.2478132	5.2642016	5
ACAGC	280620	1.2357057	5.2945385	8
GTTCA	247220	1.2267883	5.236444	1
ACCGT	261650	1.1593102	5.582192	8
CATAA	208130	1.1517723	5.239717	2
TATTA	182740	1.139607	10.422887	2
TAATA	182075	1.1284682	7.6096396	4
TACTG	226465	1.123795	5.71947	7
TTATA	128865	0.80363065	5.808121	4
TATAA	127305	0.7890135	6.8006864	2
ATATA	107840	0.668373	5.175926	1
TATAC	102115	0.5685962	5.222908	5
GTATA	100165	0.5532566	6.7999835	1
>>END_MODULE
