##FastQC	0.10.1
>>Basic Statistics	pass
#Measure	Value	
Filename	SRR10740747_2.fastq.gz	
File type	Conventional base calls	
Encoding	Sanger / Illumina 1.9	
Total Sequences	1042044	
Filtered Sequences	0	
Sequence length	35-251	
%GC	52	
>>END_MODULE
>>Per base sequence quality	pass
#Base	Mean	Median	Lower Quartile	Upper Quartile	10th Percentile	90th Percentile
1	31.371431532641616	33.0	32.0	33.0	29.0	34.0
2	31.606907193938067	33.0	32.0	34.0	29.0	34.0
3	31.711058266253634	33.0	32.0	34.0	29.0	34.0
4	31.95447121234804	33.0	32.0	34.0	30.0	34.0
5	31.880693137717792	33.0	32.0	34.0	30.0	34.0
6	34.35568171785452	37.0	33.0	37.0	32.0	37.0
7	34.5120090898273	37.0	33.0	37.0	32.0	37.0
8	34.47992695126118	37.0	33.0	37.0	32.0	37.0
9	34.59758129215273	37.0	33.0	37.0	32.0	37.0
10-14	35.23162400052205	37.4	35.0	37.4	32.8	37.4
15-19	36.40518941618588	38.0	38.0	38.0	34.0	38.0
20-24	36.50296762900607	38.0	38.0	38.4	34.0	38.4
25-29	36.65532434330988	38.0	38.0	39.0	33.8	39.0
30-34	36.639638441371	38.0	38.0	39.0	33.4	39.0
35-39	36.66046286302438	38.0	38.0	39.0	33.6	39.0
40-44	36.545514234640265	38.0	37.6	39.0	33.2	39.0
45-49	36.38886065296357	38.0	37.0	39.0	33.0	39.0
50-59	36.28219457864252	38.0	37.0	39.0	32.2	39.0
60-69	36.26032764209646	38.0	37.0	39.0	32.1	39.0
70-79	36.19080622995375	38.0	37.0	39.0	31.8	39.0
80-89	35.96893619483072	38.0	37.0	39.0	30.3	39.0
90-99	35.68392312162463	38.0	36.8	39.0	29.5	39.0
100-109	35.616878264391374	38.0	37.0	39.0	28.9	39.0
110-119	35.479707306073735	38.0	37.0	39.0	27.2	39.0
120-129	35.19249967748825	38.0	36.1	39.0	26.4	39.0
130-139	34.860103908663405	38.0	35.2	39.0	24.9	39.0
140-149	34.56486117428157	38.0	34.7	38.4	24.0	39.0
150-159	34.17951329259698	37.3	34.0	38.0	21.7	39.0
160-169	33.73761047463051	37.0	33.3	38.0	16.1	39.0
170-179	33.30329404358308	37.0	33.0	38.0	14.7	38.1
180-189	32.86509590396562	37.0	32.5	37.0	14.0	38.0
190-199	32.43667604317212	37.0	32.0	37.0	14.0	38.0
200-209	32.00462053764438	37.0	31.2	37.0	14.0	37.1
210-219	31.493444929343013	37.0	29.3	37.0	14.0	37.0
220-229	30.906684813170983	37.0	26.0	37.0	13.2	37.0
230-239	30.30497084160034	36.0	25.2	37.0	13.0	37.0
240-249	29.580476905774695	34.2	24.0	37.0	13.0	37.0
250-251	26.183687266968256	28.5	18.5	35.0	12.5	37.0
>>END_MODULE
>>Per sequence quality scores	pass
#Quality	Count
2	1655.0
3	0.0
4	0.0
5	0.0
6	0.0
7	0.0
8	0.0
9	0.0
10	0.0
11	0.0
12	0.0
13	0.0
14	11.0
15	60.0
16	346.0
17	1129.0
18	3166.0
19	5388.0
20	7066.0
21	8600.0
22	9972.0
23	11585.0
24	13061.0
25	14348.0
26	15909.0
27	18056.0
28	20231.0
29	22640.0
30	25953.0
31	29772.0
32	35396.0
33	43232.0
34	55800.0
35	80664.0
36	146784.0
37	366352.0
38	104868.0
>>END_MODULE
>>Per base sequence content	fail
#Base	G	A	T	C
1	42.15711623248612	20.665443406264387	13.414213337511258	23.76322702373824
2	17.624080992782506	18.784127859867798	37.99588423176331	25.59590691558638
3	20.543469798315822	25.47979649919405	28.599879468160466	25.37685423432966
4	14.416613881618595	17.489328449234563	37.46889366704377	30.625164002103073
5	16.01266072206101	34.63070811422332	34.089753485014654	15.266877678701016
6	30.436980831745753	36.267332842480435	18.69784287452685	14.597843451246964
7	25.758956377309744	29.15830430536652	23.47660845694249	21.60613086038125
8	25.952138135603807	32.73771133126804	19.518074836908827	21.792075696219324
9	24.807547946008658	15.538803274544424	20.52405398365419	39.12959479579273
10-14	27.237696669226608	20.74133809565461	24.83930529830669	27.181659936812096
15-19	26.369790530272812	24.837748188417986	23.204263020850853	25.58819826045835
20-24	26.07979304455287	23.912055470088855	23.93860547310721	26.069546012251067
25-29	26.280519690246773	23.751374587623715	23.7757711148194	26.192334607310112
30-34	26.317463948580773	23.727701849981113	23.705210262699815	26.2496239387383
35-39	26.346576201715386	23.816684524461394	23.670178111533875	26.16656116228934
40-44	26.340440337888776	23.720951810256512	23.588676473430887	26.34993137842383
45-49	26.322509203586243	23.663503288035823	23.70362023914754	26.310367269230394
50-59	26.410859009666137	23.632780526685952	23.59210450133319	26.36425596231472
60-69	26.429714708842784	23.64867800831308	23.57401544322639	26.347591839617746
70-79	26.414932337694015	23.588797690318394	23.55888708833209	26.437382883655502
80-89	26.487594789396496	23.55792288478955	23.506220272910248	26.448262052903704
90-99	26.50888920618653	23.52890867408805	23.49243094988387	26.46977116984155
100-109	26.53059463772648	23.512669188706457	23.432286009244486	26.524450164322577
110-119	26.551273170744754	23.467217959450025	23.413996453682582	26.56751241612264
120-129	26.572349926933008	23.461802427946697	23.400028845813683	26.565818799306612
130-139	26.60680145852583	23.442280134856887	23.354358906602208	26.596559500015076
140-149	26.64375733777378	23.375964429432106	23.35356565258831	26.626712580205808
150-159	26.63474144314688	23.37378155425127	23.325709313348376	26.66576768925347
160-169	26.645718093913757	23.3661308150154	23.29805109287202	26.690099998198825
170-179	26.711847124800027	23.29411319895031	23.277255717636226	26.716783958613437
180-189	26.72970776328119	23.283344959731394	23.303075103160907	26.68387217382651
190-199	26.744535458802066	23.280105095919765	23.244286143202174	26.73107330207599
200-209	26.78234329549194	23.274117596086626	23.188687888953353	26.754851219468083
210-219	26.838311047179975	23.243618970120313	23.15473800559427	26.76333197710544
220-229	26.811715875012027	23.205843126208176	23.09932636279513	26.883114635984672
230-239	26.864995376627583	23.16164183797497	23.07874344544743	26.894619339950022
240-249	27.00780531059175	23.175192897353647	23.070948224152126	26.74605356790248
250-251	33.755889644096364	28.492222363830276	23.331758609157614	14.420129382915745
>>END_MODULE
>>Per base GC content	fail
#Base	%GC
1	65.92034325622436
2	43.21998790836889
3	45.92032403264548
4	45.041777883721664
5	31.279538400762025
6	45.034824282992716
7	47.365087237690986
8	47.74421383182313
9	63.93714274180139
10-14	54.419356606038704
15-19	51.95798879073116
20-24	52.14933905680393
25-29	52.47285429755688
30-34	52.567087887319076
35-39	52.51313736400473
40-44	52.6903717163126
45-49	52.63287647281663
50-59	52.77511497198086
60-69	52.77730654846052
70-79	52.852315221349514
80-89	52.9358568423002
90-99	52.978660376028074
100-109	53.05504480204905
110-119	53.11878558686739
120-129	53.13816872623962
130-139	53.2033609585409
140-149	53.27046991797959
150-159	53.30050913240035
160-169	53.33581809211259
170-179	53.42863108341347
180-189	53.413579937107706
190-199	53.47560876087806
200-209	53.53719451496002
210-219	53.601643024285416
220-229	53.694830510996695
230-239	53.759614716577595
240-249	53.753858878494235
250-251	48.17601902701211
>>END_MODULE
>>Per sequence GC content	warn
#GC Content	Count
0	1655.0
1	827.5
2	0.0
3	0.0
4	0.0
5	0.0
6	0.0
7	0.0
8	0.0
9	0.0
10	0.0
11	0.5
12	1.0
13	0.5
14	1.5
15	4.0
16	7.0
17	10.5
18	10.5
19	12.0
20	22.666666666666664
21	43.5
22	66.66666666666666
23	101.49999999999999
24	163.83333333333334
25	219.66666666666677
26	321.66666666666663
27	489.3333333333329
28	682.0000000000005
29	937.8333333333362
30	1187.5000000000007
31	1458.66666666666
32	1868.8333333333137
33	2339.333333333328
34	2843.500000000036
35	3483.666666666772
36	4248.833333333487
37	4959.999999999991
38	6015.4999999996735
39	7232.99999999924
40	8333.499999998987
41	9838.666666666724
42	11518.500000001299
43	13091.33333333588
44	15105.000000004338
45	17449.333333337043
46	19930.16666666594
47	22945.33333332701
48	26588.166666652913
49	30484.333333310857
50	34594.66666664671
51	38484.49999999732
52	41731.66666667874
53	44014.50000002304
54	45057.83333336138
55	44705.33333336039
56	42706.66666668398
57	38582.83333333067
58	33747.49999997419
59	28627.333333312552
60	23585.83333332431
61	18581.166666668752
62	14145.333333337883
63	10393.333333333974
64	7368.999999998852
65	5064.166666666567
66	3466.500000000211
67	2355.3333333333258
68	1633.4999999999602
69	1098.6666666666779
70	740.8333333333395
71	504.4999999999955
72	306.66666666666646
73	211.1666666666675
74	148.16666666666663
75	104.49999999999977
76	70.16666666666671
77	52.66666666666673
78	36.99999999999999
79	21.66666666666666
80	11.000000000000002
81	12.166666666666671
82	6.166666666666665
83	6.166666666666665
84	4.166666666666667
85	2.6666666666666665
86	5.666666666666665
87	3.3333333333333335
88	3.666666666666667
89	2.333333333333333
90	1.0
91	1.0
92	1.0
93	1.0
94	0.6666666666666666
95	0.6666666666666666
96	1.6666666666666665
97	0.6666666666666666
98	0.6666666666666666
99	1.9999999999999998
100	6.0
>>END_MODULE
>>Per base N content	pass
#Base	N-Count
1	0.15882246814913767
2	0.15882246814913767
3	0.15882246814913767
4	0.15939825957445175
5	0.15939825957445175
6	0.16102966861284168
7	0.1600700162373182
8	0.16074177290018463
9	0.15882246814913767
10-14	0.15882246814913767
15-19	0.15882246814913767
20-24	0.1672482160062339
25-29	0.16621179144066855
30-34	0.15882246814913767
35-39	0.03184326111935894
40-44	0.0016430248280381219
45-49	0.0
50-59	9.796720978708101E-5
60-69	0.0
70-79	0.0
80-89	0.0
90-99	0.0020397289500490054
100-109	1.0521357461331117E-5
110-119	0.0
120-129	0.0
130-139	6.872262594917585E-4
140-149	2.9367951973910416E-4
150-159	3.111835208271673E-4
160-169	5.650714503418153E-4
170-179	3.010255458706941E-4
180-189	2.46626732044125E-5
190-199	1.138714967750327E-4
200-209	4.1634773779408295E-4
210-219	1.3405859030689364E-4
220-229	2.768459220941733E-4
230-239	2.8649859608525453E-5
240-249	0.0
250-251	0.0
>>END_MODULE
>>Sequence Length Distribution	warn
#Length	Count
35-39	5469.0
40-44	4902.0
45-49	5545.0
50-54	5833.0
55-59	6446.0
60-64	6512.0
65-69	6543.0
70-74	6844.0
75-79	6886.0
80-84	7190.0
85-89	7182.0
90-94	7703.0
95-99	7507.0
100-104	7891.0
105-109	7695.0
110-114	7856.0
115-119	8004.0
120-124	8226.0
125-129	8141.0
130-134	8356.0
135-139	8259.0
140-144	8596.0
145-149	8763.0
150-154	8915.0
155-159	9104.0
160-164	9025.0
165-169	9488.0
170-174	9622.0
175-179	9662.0
180-184	9872.0
185-189	10222.0
190-194	10380.0
195-199	10898.0
200-204	11093.0
205-209	11116.0
210-214	11485.0
215-219	11690.0
220-224	11847.0
225-229	12084.0
230-234	12227.0
235-239	12596.0
240-244	12723.0
245-249	56649.0
250-252	614997.0
>>END_MODULE
>>Sequence Duplication Levels	warn
#Total Duplicate Percentage	31.09793469120141
#Duplication Level	Relative count
1	100.0
2	25.219447949635576
3	8.045620349875538
4	2.7747322838446316
5	1.0674168924929148
6	0.41165884032188
7	0.1689387200650931
8	0.09722595726195156
9	0.05033684312143591
10++	0.07378140019169373
>>END_MODULE
>>Overrepresented sequences	warn
#Sequence	Count	Percentage	Possible Source
NNNNNNNNNNNNNNNNNNNNNNNNNNNNNNNNNNN	1655	0.15882246814913767	No Hit
>>END_MODULE
>>Kmer Content	warn
#Sequence	Count	Obs/Exp Overall	Obs/Exp Max	Max Obs/Exp Position
TTTTT	581660	3.6377423	4.394542	240-247
AAAAA	574985	3.6033738	4.464145	240-247
CAGCG	640625	2.5142846	6.7420087	9
ATAAA	353365	2.2135956	8.98547	3
TTTAT	352820	2.2074656	8.290219	3
AAAAC	394345	2.203463	5.3808584	5
TGCTG	498930	2.194409	5.846459	2
GTTTT	394785	2.1923184	6.715356	1
CAGCA	494220	2.1853883	5.6150594	4
TTTTA	332595	2.0809252	7.8252225	2
TAAAA	329070	2.0614038	6.744156	4
GATAA	368845	2.0507886	5.684784	2
TTATC	365160	2.0378797	6.2097125	4
TTATT	297950	1.8641639	7.0547247	4
AATAA	296010	1.854305	6.7573924	2
ATATT	280725	1.7571136	8.167195	1
AATAT	278145	1.7416786	6.2494164	5
TCCAG	383800	1.6964273	7.090966	2
CTGGA	383810	1.6887766	6.119868	4
TTCAG	334565	1.6578916	5.3874874	2
TACCG	371360	1.6414417	7.006495	7
GTAAA	293540	1.6320909	5.3364954	3
CTGCG	415170	1.6287655	5.3855658	9
TTAAA	257455	1.6121227	5.823924	4
TTTAA	257380	1.6109927	6.5259075	2
ATTAA	255980	1.6028866	7.805047	3
ATTAT	253865	1.5889915	7.4828634	3
TTAAT	252705	1.5817308	6.2933745	4
ATAAT	251780	1.5765872	7.040498	3
AACAG	298785	1.4818032	5.8868666	7
ACCGC	372705	1.4694346	5.3371067	8
CAATA	260290	1.4538143	5.9005075	4
TATTG	261210	1.4511449	7.4909234	2
CTTTA	257710	1.4382246	6.51184	2
AACTG	288370	1.4295646	5.2949553	7
TAAAG	255095	1.4183356	6.6529737	4
TTAAC	253125	1.4132156	5.014858	4
CATTA	248870	1.3894596	6.538221	2
GAATA	249565	1.3875885	7.101416	1
TATTC	247890	1.3834211	5.7356887	5
GTTAT	245900	1.3660907	5.5561533	1
TAATG	244530	1.3590367	5.9834514	4
AATAC	235990	1.31809	7.466069	5
GTATT	236070	1.3114804	10.451702	1
TCCTG	292375	1.2917917	5.6057124	2
TAAAC	230330	1.2864767	5.408304	5
GTTTA	231465	1.2858974	7.0130215	1
ATTAC	228965	1.2783285	5.6194315	3
CAGGA	290350	1.2780733	5.080171	4
GGATA	258375	1.2750576	5.7476225	1
ATACC	256020	1.2749759	7.2649	6
TATCC	255885	1.2737814	5.1636815	5
ACAGC	279485	1.2358531	5.2769785	8
GTTCA	240555	1.1920379	5.3926454	1
TATTA	189875	1.1884652	10.553096	2
TAATA	189270	1.1851642	7.9979234	4
TTATG	211340	1.1740935	5.249595	4
CATAA	209940	1.1725912	5.070236	2
ACCGT	261310	1.1550118	5.650248	8
TACTG	225240	1.1161464	5.6084585	7
TTATA	139820	0.8751611	5.8946385	4
TATAA	135445	0.84812474	6.967367	2
ATATA	114100	0.71446735	5.045926	1
TATAC	109545	0.61159784	5.554281	5
GTATA	104680	0.58178526	7.139811	1
>>END_MODULE
