##FastQC	0.10.1
>>Basic Statistics	pass
#Measure	Value	
Filename	SRR10740744_2.fastq.gz	
File type	Conventional base calls	
Encoding	Sanger / Illumina 1.9	
Total Sequences	1015015	
Filtered Sequences	0	
Sequence length	35-251	
%GC	52	
>>END_MODULE
>>Per base sequence quality	pass
#Base	Mean	Median	Lower Quartile	Upper Quartile	10th Percentile	90th Percentile
1	31.218428299089176	32.0	32.0	33.0	29.0	34.0
2	31.65030763092171	32.0	32.0	33.0	29.0	34.0
3	31.836269414737714	33.0	32.0	33.0	30.0	34.0
4	32.06528967552204	33.0	32.0	34.0	31.0	34.0
5	32.07622744491461	33.0	32.0	34.0	32.0	34.0
6	35.046626897139454	37.0	34.0	37.0	32.0	37.0
7	35.11944256981424	37.0	34.0	37.0	33.0	37.0
8	35.06545519031739	37.0	34.0	37.0	33.0	37.0
9	35.1239223065669	37.0	34.0	37.0	33.0	37.0
10-14	35.756634532494594	37.4	35.6	37.4	34.2	37.4
15-19	36.98277995891686	38.0	38.0	38.0	36.0	38.0
20-24	37.117484963276404	38.0	38.0	38.4	36.0	38.4
25-29	37.32546060895652	38.0	38.0	39.0	36.0	39.0
30-34	37.304872735870894	38.0	38.0	39.0	36.0	39.0
35-39	37.3156918435277	38.0	38.0	39.0	36.0	39.0
40-44	37.24225921505946	38.0	38.0	39.0	36.0	39.0
45-49	37.17049327166793	38.0	38.0	39.0	36.0	39.0
50-59	37.08161503442749	38.0	38.0	39.0	36.0	39.0
60-69	37.053620600604106	38.0	38.0	39.0	35.9	39.0
70-79	36.99037730631443	38.0	38.0	39.0	35.0	39.0
80-89	36.80595189965931	38.0	38.0	39.0	34.0	39.0
90-99	36.572920232691196	38.0	37.8	39.0	33.3	39.0
100-109	36.51067210289031	38.0	38.0	39.0	33.0	39.0
110-119	36.39247881336986	38.0	37.8	39.0	32.7	39.0
120-129	36.15084518715183	38.0	37.0	39.0	31.4	39.0
130-139	35.86588820653965	38.0	37.0	39.0	30.3	39.0
140-149	35.599747680383935	38.0	37.0	39.0	29.3	39.0
150-159	35.25516228357993	38.0	37.0	38.1	26.3	39.0
160-169	34.84806359191375	37.1	36.6	38.0	25.6	39.0
170-179	34.45023326663894	37.0	35.7	38.0	24.4	38.6
180-189	34.059149704962245	37.0	35.0	37.4	24.0	38.0
190-199	33.657194404219936	37.0	33.4	37.0	23.1	38.0
200-209	33.28363693383159	37.0	33.0	37.0	16.5	37.6
210-219	32.83786670521688	37.0	32.8	37.0	14.0	37.0
220-229	32.32387566000639	37.0	32.0	37.0	14.0	37.0
230-239	31.79235421112109	37.0	30.9	37.0	14.0	37.0
240-249	31.158503319589283	37.0	27.2	37.0	13.6	37.0
250-251	27.52515420533375	31.0	20.0	36.0	12.5	37.0
>>END_MODULE
>>Per sequence quality scores	pass
#Quality	Count
2	847.0
3	0.0
4	0.0
5	0.0
6	0.0
7	0.0
8	0.0
9	0.0
10	0.0
11	0.0
12	0.0
13	0.0
14	10.0
15	84.0
16	205.0
17	620.0
18	1595.0
19	2817.0
20	3837.0
21	5013.0
22	6192.0
23	7324.0
24	8617.0
25	9918.0
26	11385.0
27	12894.0
28	14807.0
29	16913.0
30	19665.0
31	23610.0
32	28686.0
33	35525.0
34	46161.0
35	67400.0
36	126060.0
37	419648.0
38	145182.0
>>END_MODULE
>>Per base sequence content	fail
#Base	G	A	T	C
1	42.2580874174693	20.845855913418685	13.521724211373265	23.37433245773876
2	17.80242859889663	18.74123047038697	37.76821325918366	25.68812767153274
3	20.67012830272027	25.08312265077443	28.597544381382107	25.649204665123193
4	14.504614656464462	17.45858641634456	37.0796521258973	30.957146801293682
5	16.24419839492624	34.47220800683128	33.94142338627375	15.342170211968734
6	30.748865057171145	35.88637950279446	18.560407356717164	14.804348083317228
7	26.09159950066755	29.00821768686018	23.237200661832425	21.66298215063984
8	25.993612403651124	32.7364805902068	19.382479763901504	21.88742724224057
9	24.782481797887527	15.559453660537503	20.41594686481924	39.242117676755726
10-14	27.31367978480883	20.755929983986874	24.71513595380647	27.215254277397825
15-19	26.370877408871113	24.843083197261205	23.183082092907682	25.60295730096
20-24	26.09064625045361	23.90675044571717	23.970058061564192	26.03254524226503
25-29	26.27347065880451	23.77584368349442	23.761624271057894	26.189061386643182
30-34	26.2781708750424	23.761960543026404	23.753894818215525	26.20597376371568
35-39	26.33787919749152	23.7717977508135	23.68943150716018	26.200891544534798
40-44	26.356025999876582	23.748225878674624	23.620516832989715	26.27523128845907
45-49	26.307183029519905	23.69290620780438	23.75902114984077	26.240889612834945
50-59	26.373118003215605	23.660223498636256	23.63260992136307	26.33404857678507
60-69	26.352725017062227	23.686785135276764	23.6506197312066	26.30987011645441
70-79	26.403802039009438	23.64389219728357	23.579464559443693	26.3728412042633
80-89	26.456363706766716	23.5919568925636	23.54729447441413	26.404384926255553
90-99	26.485470731394507	23.575719048045624	23.55295865105411	26.385851569505757
100-109	26.47303167510128	23.546181883157256	23.488276301252387	26.492510140489077
110-119	26.500402849096677	23.523950828046026	23.494881842133562	26.480764480723735
120-129	26.50507926985722	23.489000389233187	23.491540715045385	26.514379625864215
130-139	26.55730516206131	23.500820216669013	23.433126630620137	26.50874799064954
140-149	26.53416581921614	23.492530237872355	23.444905520644113	26.528398422267397
150-159	26.571766338824126	23.46669492225921	23.405804859998902	26.55573387891776
160-169	26.584492075747416	23.438623126469114	23.402146829345007	26.574737968438463
170-179	26.619889840620694	23.413465461065552	23.370990243358484	26.59565445495527
180-189	26.61737660005991	23.434338351921248	23.36610612157375	26.582178926445092
190-199	26.652155831353415	23.379420157032783	23.339902037421396	26.628521974192402
200-209	26.661590465402284	23.409359861465642	23.295379961197437	26.633669711934633
210-219	26.667827183020204	23.387521823213547	23.29852631364945	26.646124680116795
220-229	26.716037942647613	23.300782745408988	23.276082685940054	26.70709662600334
230-239	26.768454327151364	23.316894816101154	23.189339158040404	26.725311698707078
240-249	26.88449232822559	23.389794002257187	23.140800786796543	26.58491288272068
250-251	33.27302964346729	28.860033442236837	23.614338245634407	14.252598668661468
>>END_MODULE
>>Per base GC content	fail
#Base	%GC
1	65.63241987520804
2	43.49055627042937
3	46.319332967843465
4	45.46176145775814
5	31.586368606894975
6	45.55321314048837
7	47.75458165130739
8	47.88103964589169
9	64.02459947464325
10-14	54.52893406220666
15-19	51.97383470983111
20-24	52.12319149271863
25-29	52.46253204544769
30-34	52.48414463875808
35-39	52.53877074202632
40-44	52.631257288335654
45-49	52.548072642354846
50-59	52.707166580000674
60-69	52.66259513351663
70-79	52.77664324327274
80-89	52.86074863302227
90-99	52.87132230090027
100-109	52.965541815590356
110-119	52.98116732982041
120-129	53.01945889572143
130-139	53.06605315271084
140-149	53.062564241483535
150-159	53.12750021774188
160-169	53.159230044185875
170-179	53.21554429557595
180-189	53.199555526505
190-199	53.28067780554582
200-209	53.29526017733692
210-219	53.313951863137
220-229	53.42313456865095
230-239	53.49376602585845
240-249	53.46940521094628
250-251	47.52562831212875
>>END_MODULE
>>Per sequence GC content	warn
#GC Content	Count
0	847.0
1	423.5
2	0.0
3	0.0
4	0.0
5	0.0
6	0.0
7	0.0
8	0.0
9	0.0
10	0.0
11	0.0
12	0.0
13	0.0
14	0.0
15	0.0
16	0.8333333333333333
17	4.166666666666666
18	9.0
19	16.166666666666664
20	25.999999999999996
21	40.66666666666667
22	57.00000000000001
23	82.50000000000001
24	119.16666666666663
25	180.83333333333337
26	265.8333333333334
27	358.8333333333331
28	519.1666666666654
29	738.8333333333346
30	935.3333333333399
31	1193.1666666666683
32	1542.8333333333155
33	1880.4999999999616
34	2271.8333333333103
35	2846.666666666729
36	3465.666666666852
37	4191.833333333602
38	5160.66666666656
39	6218.83333333276
40	7180.166666665597
41	8343.499999998525
42	9857.833333333427
43	11289.166666668196
44	12960.166666669948
45	15097.500000005608
46	17395.66666667169
47	20259.99999999854
48	23571.499999990774
49	27270.83333331482
50	31305.333333304516
51	35092.66666664531
52	38118.16666666097
53	40771.500000007945
54	42062.66666668176
55	41504.333333345516
56	39561.50000000166
57	36152.16666665061
58	31392.666666636145
59	26398.83333331612
60	21792.66666666107
61	16991.000000006457
62	12694.166666670211
63	9259.666666666126
64	6422.333333332534
65	4443.833333333547
66	3051.500000000142
67	2033.1666666665744
68	1400.4999999999834
69	961.5000000000188
70	647.0000000000025
71	428.83333333332973
72	257.8333333333348
73	157.66666666666683
74	109.99999999999974
75	74.66666666666667
76	50.66666666666669
77	34.83333333333332
78	28.33333333333331
79	19.33333333333333
80	11.833333333333336
81	12.500000000000004
82	10.333333333333334
83	7.166666666666664
84	7.166666666666664
85	5.333333333333332
86	3.3333333333333335
87	2.6666666666666665
88	0.6666666666666666
89	0.6666666666666666
90	1.3333333333333333
91	1.0
92	0.3333333333333333
93	0.3333333333333333
94	0.3333333333333333
95	0.6666666666666666
96	0.6666666666666666
97	1.0
98	1.3333333333333333
99	1.0
100	1.0
>>END_MODULE
>>Per base N content	pass
#Base	N-Count
1	0.08344704265454206
2	0.08374260478909179
3	0.08384112550060836
4	0.08423520834667468
5	0.08433372905819125
6	0.08541745688487362
7	0.08482633261577414
8	0.08492485332729073
9	0.08344704265454206
10-14	0.08344704265454206
15-19	0.08344704265454206
20-24	0.09054053388373572
25-29	0.08949621434165998
30-34	0.08344704265454206
35-39	0.01671120027258789
40-44	0.001384467931173748
45-49	0.0
50-59	3.187704386639853E-4
60-69	0.0
70-79	0.0
80-89	0.0
90-99	0.0016558351734358785
100-109	2.077702543014416E-5
110-119	0.0
120-129	0.0
130-139	3.876805043120303E-4
140-149	1.5292317008857746E-4
150-159	1.6642664246453446E-4
160-169	2.7094669112562655E-4
170-179	1.3809317491744616E-4
180-189	1.1756068629577447E-5
190-199	3.610058344559612E-5
200-209	2.0993003649324966E-4
210-219	5.0825507899300446E-5
220-229	1.1799377543503322E-4
230-239	0.0
240-249	0.0
250-251	0.0
>>END_MODULE
>>Sequence Length Distribution	warn
#Length	Count
35-39	2817.0
40-44	2466.0
45-49	3039.0
50-54	3108.0
55-59	3362.0
60-64	3437.0
65-69	3674.0
70-74	3848.0
75-79	4038.0
80-84	4263.0
85-89	4410.0
90-94	4686.0
95-99	4790.0
100-104	4947.0
105-109	5016.0
110-114	5408.0
115-119	5602.0
120-124	5839.0
125-129	5977.0
130-134	6299.0
135-139	6447.0
140-144	6630.0
145-149	7087.0
150-154	7174.0
155-159	7614.0
160-164	7987.0
165-169	8303.0
170-174	8528.0
175-179	9161.0
180-184	9330.0
185-189	9664.0
190-194	9994.0
195-199	10452.0
200-204	10891.0
205-209	11163.0
210-214	11723.0
215-219	11950.0
220-224	12316.0
225-229	12819.0
230-234	12888.0
235-239	13237.0
240-244	13428.0
245-249	60438.0
250-252	648765.0
>>END_MODULE
>>Sequence Duplication Levels	warn
#Total Duplicate Percentage	32.98514029435558
#Duplication Level	Relative count
1	100.0
2	27.14077964618013
3	8.889971338613805
4	3.058861733519703
5	1.1528089570361586
6	0.47863103053920114
7	0.2131955327770483
8	0.10659776638852415
9	0.06141725613113643
10++	0.08683129315091702
>>END_MODULE
>>Overrepresented sequences	pass
>>END_MODULE
>>Kmer Content	warn
#Sequence	Count	Obs/Exp Overall	Obs/Exp Max	Max Obs/Exp Position
TTTTT	599560	3.6523669	4.4357414	240-247
AAAAA	598185	3.6202958	4.538657	240-247
CAGCG	656225	2.5474384	7.392504	9
TTTAT	363225	2.2097893	8.047388	3
ATAAA	364485	2.2087922	8.734298	3
CAGCA	507020	2.2059636	5.6346025	4
GTTTT	403740	2.191566	6.12771	1
AAAAC	403160	2.1901782	5.0433784	5
TGCTG	504965	2.1895354	5.586579	2
TTTTA	342740	2.0851626	7.5351596	2
TAAAA	339530	2.057564	6.5121202	4
GATAA	378575	2.0469384	5.157408	2
TTATC	375020	2.0452971	6.0298715	4
TTATT	306150	1.8625562	6.7600756	4
AATAA	305090	1.8488563	6.988781	2
ATATT	289680	1.7600579	7.6194944	1
AATAT	288120	1.748297	5.754282	5
TCCAG	390575	1.7015485	6.9643683	2
CTGGA	390275	1.6900315	5.7711887	4
TACCG	382145	1.664823	7.017423	7
TTCAG	340770	1.6560537	5.5076227	2
CTGCG	423250	1.6451843	5.791682	9
GTAAA	301160	1.628359	5.3131485	3
TTTAA	265920	1.6156954	5.6608286	2
TTAAA	265335	1.6100389	5.465223	4
ATTAA	265265	1.6096141	7.2466307	3
ATTAT	262655	1.5958576	7.390713	3
TTAAT	262545	1.5951892	5.714677	4
ATAAT	259135	1.5724176	6.5071783	3
ACCGC	378415	1.477866	5.499025	8
AACAG	300910	1.4585333	6.1429806	7
TATTG	268305	1.454504	7.320915	2
CAATA	265035	1.44169	5.58027	4
AACTG	295390	1.4336467	5.1240416	7
CTTTA	262640	1.4323951	6.102374	2
TAAAG	259735	1.4043758	5.9181414	4
CATTA	254205	1.3845843	6.052179	2
TATTC	250615	1.3668128	5.552557	5
GAATA	252710	1.3663919	6.684798	1
TAATG	251845	1.3634927	5.3080907	4
GTTAT	250120	1.3559215	5.501142	1
GTATT	242955	1.3170794	9.873229	1
AATAC	242070	1.3167691	7.225425	5
TCCTG	297440	1.2974956	5.63966	2
CAGGA	299105	1.2935436	5.2078977	4
GTTTA	236400	1.2815442	6.438018	1
ATACC	262140	1.2799574	6.7723913	6
ATTAC	234730	1.2785094	5.587555	3
TAAAC	234535	1.2757816	5.1403565	5
GGATA	263165	1.269576	5.4727015	1
ACAGC	282540	1.2292867	5.422495	8
TATTA	198215	1.2043285	10.042754	2
GTTCA	246225	1.1965895	5.4914174	1
TAATA	196265	1.1909257	7.562578	4
TTATG	216555	1.173963	5.2069187	4
CATAA	214655	1.1676419	5.074068	2
ACCGT	265685	1.1574625	5.5116215	8
TACTG	230155	1.1184934	5.7929354	7
TTATA	141255	0.858247	5.8089123	4
TATAA	138470	0.8402287	6.5542345	2
ATATA	118455	0.7187787	5.384503	1
TATAC	108995	0.5936656	5.273783	5
GTATA	105535	0.57136816	6.8674617	1
>>END_MODULE
