##FastQC	0.10.1
>>Basic Statistics	pass
#Measure	Value	
Filename	SRR10740741_2.fastq.gz	
File type	Conventional base calls	
Encoding	Sanger / Illumina 1.9	
Total Sequences	876854	
Filtered Sequences	0	
Sequence length	35-251	
%GC	52	
>>END_MODULE
>>Per base sequence quality	pass
#Base	Mean	Median	Lower Quartile	Upper Quartile	10th Percentile	90th Percentile
1	31.252244957541393	32.0	32.0	33.0	29.0	34.0
2	31.302231614385065	32.0	32.0	33.0	29.0	34.0
3	31.459183626920787	33.0	32.0	33.0	29.0	34.0
4	31.700305866198935	33.0	32.0	33.0	29.0	34.0
5	31.641221913796368	33.0	32.0	33.0	29.0	34.0
6	34.53702782903425	37.0	33.0	37.0	32.0	37.0
7	34.293539175278895	37.0	33.0	37.0	31.0	37.0
8	34.309311470324594	37.0	33.0	37.0	32.0	37.0
9	34.53072233233811	37.0	33.0	37.0	32.0	37.0
10-14	35.19586042830391	37.4	35.0	37.4	32.8	37.4
15-19	36.39086575416204	38.0	38.0	38.0	34.0	38.0
20-24	36.4899205569	38.0	38.0	38.4	34.0	38.4
25-29	36.64705891744806	38.0	38.0	39.0	33.2	39.0
30-34	36.61894705389951	38.0	38.0	39.0	33.2	39.0
35-39	36.62035581817573	38.0	38.0	39.0	33.0	39.0
40-44	36.4924965122804	38.0	37.4	39.0	33.0	39.0
45-49	36.32416795549459	38.0	37.0	39.0	32.8	39.0
50-59	36.24700527176892	38.0	37.0	39.0	32.0	39.0
60-69	36.25169052423041	38.0	37.0	39.0	32.0	39.0
70-79	36.205511939194636	38.0	37.0	39.0	31.9	39.0
80-89	35.99728987118017	38.0	37.0	39.0	30.3	39.0
90-99	35.71846475567919	38.0	37.0	39.0	29.5	39.0
100-109	35.66401964468069	38.0	37.0	39.0	29.0	39.0
110-119	35.53476940822622	38.0	37.0	39.0	27.2	39.0
120-129	35.252846380835145	38.0	36.3	39.0	26.5	39.0
130-139	34.93597040500789	38.0	35.7	39.0	24.9	39.0
140-149	34.643260767107066	38.0	35.0	38.5	24.0	39.0
150-159	34.26961668184115	37.4	34.3	38.0	24.0	39.0
160-169	33.83515144288981	37.0	33.5	38.0	17.8	39.0
170-179	33.406550709012535	37.0	33.0	38.0	14.9	38.2
180-189	32.978189831684745	37.0	33.0	37.1	14.0	38.0
190-199	32.55026420701265	37.0	32.0	37.0	14.0	38.0
200-209	32.1213091863421	37.0	31.5	37.0	14.0	37.2
210-219	31.613017333014277	37.0	30.0	37.0	14.0	37.0
220-229	31.034091832543993	37.0	26.4	37.0	13.5	37.0
230-239	30.430511190716164	36.4	25.4	37.0	13.0	37.0
240-249	29.713655435488345	34.7	24.0	37.0	13.0	37.0
250-251	26.318878426879778	28.5	18.5	35.0	12.5	37.0
>>END_MODULE
>>Per sequence quality scores	pass
#Quality	Count
2	688.0
3	0.0
4	0.0
5	0.0
6	0.0
7	0.0
8	0.0
9	0.0
10	0.0
11	0.0
12	0.0
13	0.0
14	1.0
15	60.0
16	258.0
17	1070.0
18	2927.0
19	4823.0
20	6424.0
21	7664.0
22	8651.0
23	10096.0
24	11532.0
25	12607.0
26	13733.0
27	15557.0
28	17195.0
29	19209.0
30	21782.0
31	25184.0
32	29201.0
33	36092.0
34	46504.0
35	66190.0
36	117589.0
37	307672.0
38	94145.0
>>END_MODULE
>>Per base sequence content	fail
#Base	G	A	T	C
1	42.433511457874424	20.667088200181244	13.062136627077518	23.83726371486682
2	17.81831296809052	19.104028232093004	37.361070847305186	25.716587952511283
3	20.589477336486464	25.38651351456231	28.598005400803046	25.42600374814818
4	14.339259565308202	17.578047870197373	37.31049430412904	30.772198260365393
5	16.03107191486496	34.62149079906547	33.993295752721245	15.354141533348322
6	30.2552314340304	36.272265124762306	18.82677088065231	14.645732560554976
7	25.680589669372438	29.13820889526018	23.479944119285236	21.70125731608214
8	26.08465892294821	32.392361590639055	19.560098658792835	21.962880827619895
9	24.951664410625384	15.21503915924608	20.484702670498514	39.34859375963002
10-14	27.21016337086808	20.70609907255018	24.894004104245084	27.189733452336657
15-19	26.365346292825787	24.77505404227053	23.25951931483303	25.600080350070648
20-24	26.13319411007069	23.865732951580345	23.92650235338754	26.07457058496142
25-29	26.31579908559052	23.73476554902464	23.75017463632271	26.199260729062136
30-34	26.30786860024242	23.736803299831312	23.688753044514396	26.266575055411874
35-39	26.385198963613178	23.803938891183037	23.600320490566176	26.21054165463761
40-44	26.352446737435464	23.706799375518276	23.617649825603337	26.32310406144292
45-49	26.32323680090163	23.698445826014016	23.676097806314715	26.30221956676964
50-59	26.425583567706667	23.636721412405972	23.572192900273784	26.36550211961358
60-69	26.425365493940028	23.645281014953685	23.55611776968983	26.373235721416457
70-79	26.458008191415527	23.559441724173134	23.553076125782354	26.429473958628986
80-89	26.48006167301478	23.5888682375259	23.504180899972845	26.426889189486474
90-99	26.51061077804447	23.520690749703093	23.500064790477108	26.468633681775334
100-109	26.537099982139416	23.495768531674067	23.4523362108447	26.514795275341818
110-119	26.535488319396393	23.47377597419363	23.447252757266394	26.54348294914358
120-129	26.530964654936017	23.454413468274712	23.443447060682757	26.571174816106513
130-139	26.566584980580622	23.44747328305652	23.409481012854197	26.57646072350866
140-149	26.6014040520061	23.45549331731834	23.35976365200681	26.583338978668753
150-159	26.57903021734869	23.413441336618128	23.369600728929196	26.63792771710398
160-169	26.603379155893194	23.39605456987258	23.345906377222395	26.654659897011832
170-179	26.6490460771595	23.32044276913927	23.319540829012208	26.710970324689022
180-189	26.64907502463736	23.370095413457165	23.30188480105031	26.678944760855167
190-199	26.669707888213278	23.330044032030354	23.307986197692916	26.692261882063452
200-209	26.69162776569917	23.341836976955424	23.244313660116557	26.722221597228845
210-219	26.716526089353977	23.275748665375147	23.25836497562583	26.749360269645038
220-229	26.731085434899487	23.241969468904482	23.208793025650916	26.81815207054511
230-239	26.77861845350322	23.177900751789615	23.183126261000023	26.860354533707138
240-249	26.92494981500936	23.182383919009343	23.145811447456015	26.746854818525286
250-251	33.44756893730093	28.50009678497897	23.647979833529835	14.404354444190263
>>END_MODULE
>>Per base GC content	fail
#Base	%GC
1	66.27077517274124
2	43.53490092060181
3	46.015481084634644
4	45.11145782567359
5	31.385213448213285
6	44.90096399458538
7	47.38184698545458
8	48.047539750568106
9	64.3002581702554
10-14	54.39989682320473
15-19	51.96542664289644
20-24	52.20776469503211
25-29	52.51505981465265
30-34	52.57444365565429
35-39	52.59574061825079
40-44	52.67555079887839
45-49	52.625456367671276
50-59	52.79108568732025
60-69	52.79860121535649
70-79	52.887482150044505
80-89	52.906950862501255
90-99	52.979244459819796
100-109	53.05189525748124
110-119	53.07897126853997
120-129	53.102139471042534
130-139	53.14304570408929
140-149	53.18474303067485
150-159	53.216957934452665
160-169	53.258039052905026
170-179	53.36001640184852
180-189	53.32801978549252
190-199	53.36196977027673
200-209	53.413849362928026
210-219	53.465886358999015
220-229	53.5492375054446
230-239	53.638972987210366
240-249	53.671804633534634
250-251	47.85192338149119
>>END_MODULE
>>Per sequence GC content	warn
#GC Content	Count
0	688.0
1	344.0
2	0.0
3	0.0
4	0.0
5	0.0
6	0.0
7	0.0
8	0.0
9	0.0
10	0.0
11	0.5
12	1.0
13	1.0
14	3.0
15	4.5
16	3.333333333333333
17	5.0
18	10.333333333333332
19	15.333333333333334
20	21.333333333333336
21	31.833333333333332
22	47.833333333333336
23	77.16666666666666
24	124.83333333333329
25	178.83333333333343
26	248.83333333333346
27	356.99999999999994
28	482.33333333333223
29	642.1666666666681
30	810.6666666666705
31	998.5000000000101
32	1295.1666666666613
33	1656.1666666666404
34	2041.499999999942
35	2543.000000000011
36	3080.6666666667684
37	3668.3333333335536
38	4467.000000000162
39	5278.333333333163
40	6182.999999999447
41	7314.666666665618
42	8584.999999998845
43	9733.333333333328
44	11129.166666668012
45	12964.16666666988
46	14907.166666671976
47	17471.000000004646
48	20201.333333332124
49	23348.66666665814
50	26934.49999998268
51	30393.16666664011
52	33054.83333330192
53	35299.333333313305
54	36494.499999986016
55	36390.83333331867
56	34842.33333331018
57	31593.99999996911
58	27597.166666646113
59	23260.16666665736
60	19168.50000000095
61	15178.66666667311
62	11609.666666668787
63	8421.999999998483
64	5849.499999999509
65	4044.3333333337223
66	2799.0000000000728
67	1929.6666666665867
68	1321.1666666666542
69	892.3333333333475
70	597.8333333333329
71	376.49999999999847
72	227.50000000000108
73	156.33333333333346
74	107.4999999999998
75	69.00000000000003
76	47.50000000000003
77	36.16666666666666
78	28.16666666666664
79	20.333333333333332
80	14.666666666666677
81	12.666666666666671
82	7.166666666666664
83	6.666666666666664
84	7.33333333333333
85	5.666666666666665
86	4.666666666666666
87	1.9999999999999998
88	1.3333333333333333
89	2.6666666666666665
90	1.6666666666666665
91	0.6666666666666666
92	0.6666666666666666
93	0.3333333333333333
94	0.0
95	0.3333333333333333
96	1.0
97	0.0
98	0.0
99	0.3333333333333333
100	2.0
>>END_MODULE
>>Per base N content	pass
#Base	N-Count
1	0.07846232097931925
2	0.07846232097931925
3	0.07846232097931925
4	0.07903254133527361
5	0.07903254133527361
6	0.08074320240313668
7	0.08005893797599145
8	0.08017298204718232
9	0.07846232097931925
10-14	0.07846232097931925
15-19	0.07846232097931925
20-24	0.08612608256334578
25-29	0.08525934762229516
30-34	0.07846232097931925
35-39	0.01571143573292021
40-44	0.0016250359911140285
45-49	0.0
50-59	1.2672964361896082E-4
60-69	0.0
70-79	0.0
80-89	0.0
90-99	0.001759416862679178
100-109	0.0
110-119	0.0
120-129	0.0
130-139	4.369778660722769E-4
140-149	2.1566403400083043E-4
150-159	2.1952538869229887E-4
160-169	4.4774971528385753E-4
170-179	1.8846474598654226E-4
180-189	2.759328219470344E-5
190-199	1.1340776001103457E-4
200-209	3.2142413097507373E-4
210-219	1.057217198930217E-4
220-229	2.0353604740824244E-4
230-239	1.6278842242228196E-5
240-249	0.0
250-251	0.0
>>END_MODULE
>>Sequence Length Distribution	warn
#Length	Count
35-39	2219.0
40-44	2051.0
45-49	2340.0
50-54	2489.0
55-59	2683.0
60-64	2856.0
65-69	3059.0
70-74	3346.0
75-79	3357.0
80-84	3688.0
85-89	3871.0
90-94	4125.0
95-99	4139.0
100-104	4506.0
105-109	4573.0
110-114	4965.0
115-119	5247.0
120-124	5351.0
125-129	5690.0
130-134	5910.0
135-139	6185.0
140-144	6630.0
145-149	6708.0
150-154	7141.0
155-159	7361.0
160-164	7712.0
165-169	8190.0
170-174	8389.0
175-179	8969.0
180-184	9184.0
185-189	9494.0
190-194	9962.0
195-199	10272.0
200-204	10815.0
205-209	11047.0
210-214	11256.0
215-219	11780.0
220-224	11695.0
225-229	12098.0
230-234	12427.0
235-239	12601.0
240-244	12749.0
245-249	51378.0
250-252	536346.0
>>END_MODULE
>>Sequence Duplication Levels	warn
#Total Duplicate Percentage	28.606502103733533
#Duplication Level	Relative count
1	100.0
2	23.20023413751588
3	6.684226980357725
4	2.0187709110743053
5	0.6837879725154484
6	0.24211947664943895
7	0.10642614358217097
8	0.04722660121458836
9	0.019289738524268487
10++	0.03059751627987415
>>END_MODULE
>>Overrepresented sequences	pass
>>END_MODULE
>>Kmer Content	warn
#Sequence	Count	Obs/Exp Overall	Obs/Exp Max	Max Obs/Exp Position
TTTTT	520330	3.71843	4.507228	240-247
AAAAA	501240	3.617231	4.461509	15-19
CAGCG	557745	2.5132987	6.9123006	9
ATAAA	309840	2.2316086	9.995857	3
AAAAC	344170	2.21276	5.5387726	5
TTTAT	308505	2.2089858	8.2378435	3
GTTTT	347435	2.2065434	6.3714886	1
TGCTG	435505	2.194173	5.5583725	2
CAGCA	426690	2.1677678	5.4821124	4
TTTTA	294300	2.1072738	7.7185526	2
TAAAA	288525	2.0780883	6.790535	4
GATAA	316500	2.021913	5.7070994	2
TTATC	316160	2.020777	6.236782	4
TTATT	263335	1.8855555	7.096977	4
AATAA	258420	1.8612584	7.3841133	2
ATATT	246035	1.7651333	8.246003	1
AATAT	244050	1.7543223	6.0268626	5
TCCAG	333485	1.6909336	6.418579	2
CTGGA	333410	1.683086	5.519337	4
TTTAC	258840	1.6544088	5.0779204	3
TTCAG	290980	1.6528472	5.230579	2
TTAAA	228750	1.6443405	6.4060106	4
TTTAA	228855	1.6418787	6.251583	2
TACCG	323020	1.6378709	6.9144197	7
CTGCG	362415	1.6299138	5.534842	9
ATTAA	225710	1.6224878	8.056881	3
GTAAA	252545	1.6133461	5.089357	3
TTAAT	224750	1.6124282	6.566921	3
ATTAT	222470	1.5960708	7.796741	3
ATAAT	219735	1.579537	7.3933725	3
AACAG	259940	1.4823221	5.752357	7
ACCGC	322990	1.4619082	5.271941	8
CAATA	226375	1.4525791	6.0074077	4
TATTG	227960	1.4505993	7.5098157	2
AACTG	253935	1.4452472	5.465937	7
CTTTA	222610	1.4228401	6.3561797	2
TAAAG	220925	1.4113463	6.865367	4
CATTA	215465	1.3798698	6.509375	2
TATTC	215315	1.3762132	5.71705	5
GAATA	215400	1.3760508	6.809131	1
TAATG	214200	1.3657093	6.095288	4
GTTAT	212450	1.3519031	5.251217	1
GTATT	206425	1.3135636	10.39755	1
AATAC	202795	1.3012735	8.094488	5
TAAAC	201685	1.294151	5.513841	5
CAGGA	254370	1.2866	5.0632834	4
TCCTG	253790	1.2843246	5.3550406	2
GTTTA	200710	1.2771969	6.4119387	1
TATCC	221970	1.2664454	5.034355	5
ATACC	220665	1.261466	6.683746	6
ATTAC	196645	1.2593437	5.432689	3
GGATA	221525	1.2552196	5.5787406	1
ACAGC	242450	1.2317495	5.1247964	8
GTTCA	211185	1.1995894	5.4614606	1
CATAA	186245	1.1950772	5.2035995	2
TATTA	166470	1.1943089	10.84764	2
TAATA	164125	1.1797917	8.05688	4
TTATG	183720	1.1690828	5.1743608	4
ACCGT	224795	1.1398218	5.3264995	8
TACTG	190925	1.084507	5.4490085	7
TTATA	119590	0.8579768	5.6445565	4
TATAA	116845	0.8399255	7.006327	2
ATATA	98910	0.71100193	5.229014	1
ATACT	108160	0.69267267	5.031571	6
TATAC	93140	0.5964824	5.1371284	5
GTATA	90865	0.57934254	6.8028235	1
>>END_MODULE
