##FastQC	0.10.1
>>Basic Statistics	pass
#Measure	Value	
Filename	SRR10740748_2.fastq.gz	
File type	Conventional base calls	
Encoding	Sanger / Illumina 1.9	
Total Sequences	1053590	
Filtered Sequences	0	
Sequence length	35-251	
%GC	52	
>>END_MODULE
>>Per base sequence quality	pass
#Base	Mean	Median	Lower Quartile	Upper Quartile	10th Percentile	90th Percentile
1	31.187618523334503	32.0	32.0	33.0	29.0	34.0
2	31.656451750681004	33.0	32.0	33.0	29.0	34.0
3	31.79841399405841	33.0	32.0	34.0	30.0	34.0
4	31.98396055391566	33.0	32.0	34.0	30.0	34.0
5	31.804292941276966	33.0	32.0	34.0	30.0	34.0
6	34.65139380593969	37.0	33.0	37.0	32.0	37.0
7	34.53692043394489	37.0	33.0	37.0	32.0	37.0
8	34.606058333887	37.0	33.0	37.0	32.0	37.0
9	34.663880636680304	37.0	34.0	37.0	32.0	37.0
10-14	35.29689993261136	37.4	35.0	37.4	32.8	37.4
15-19	36.48353723934358	38.0	38.0	38.0	34.0	38.0
20-24	36.594344289524386	38.0	38.0	38.4	34.0	38.4
25-29	36.75173093898006	38.0	38.0	39.0	34.0	39.0
30-34	36.73840602131759	38.0	38.0	39.0	34.0	39.0
35-39	36.74399660482032	38.0	38.0	39.0	34.0	39.0
40-44	36.65108864381624	38.0	37.6	39.0	33.6	39.0
45-49	36.54308992596242	38.0	37.0	39.0	33.0	39.0
50-59	36.42992705351898	38.0	37.0	39.0	33.0	39.0
60-69	36.39895759474878	38.0	37.0	39.0	33.0	39.0
70-79	36.32954469078275	38.0	37.0	39.0	32.9	39.0
80-89	36.114354458415654	38.0	37.0	39.0	31.0	39.0
90-99	35.83479946234236	38.0	37.0	39.0	29.8	39.0
100-109	35.77541922536328	38.0	37.0	39.0	29.9	39.0
110-119	35.6426014091616	38.0	37.0	39.0	28.5	39.0
120-129	35.360438367022624	38.0	36.8	39.0	26.9	39.0
130-139	35.04014561348931	38.0	35.7	39.0	25.5	39.0
140-149	34.74254657597844	38.0	35.0	38.5	24.3	39.0
150-159	34.37041268556299	37.5	34.3	38.0	24.0	39.0
160-169	33.934015915109384	37.0	33.6	38.0	18.8	39.0
170-179	33.505945755624985	37.0	33.0	38.0	15.0	38.2
180-189	33.08099990263746	37.0	33.0	37.1	14.2	38.0
190-199	32.65007563847927	37.0	32.3	37.0	14.0	38.0
200-209	32.230467636679876	37.0	31.7	37.0	14.0	37.2
210-219	31.732127640968933	37.0	30.7	37.0	14.0	37.0
220-229	31.158778365063448	37.0	26.7	37.0	13.8	37.0
230-239	30.56747946998458	36.4	25.8	37.0	13.0	37.0
240-249	29.866379228461348	35.2	24.3	37.0	13.0	37.0
250-251	26.413748256482307	28.5	18.5	35.0	12.5	37.0
>>END_MODULE
>>Per sequence quality scores	pass
#Quality	Count
2	1184.0
3	0.0
4	0.0
5	0.0
6	0.0
7	0.0
8	0.0
9	0.0
10	0.0
11	0.0
12	0.0
13	0.0
14	4.0
15	63.0
16	257.0
17	1064.0
18	3001.0
19	5212.0
20	7105.0
21	8396.0
22	10067.0
23	11452.0
24	12828.0
25	14250.0
26	15993.0
27	17639.0
28	19976.0
29	22479.0
30	25490.0
31	29225.0
32	34833.0
33	42309.0
34	54750.0
35	79485.0
36	144229.0
37	382025.0
38	110274.0
>>END_MODULE
>>Per base sequence content	fail
#Base	G	A	T	C
1	42.463364899097876	20.556420240857616	13.52567355184216	23.454541308202348
2	17.768159596353115	18.700120200873236	37.57887885367325	25.952841349100392
3	20.892166886480858	25.03772315574627	28.32780947240793	25.74230048536494
4	14.469973394146713	17.316799695933106	37.058627898137594	31.15459901178259
5	16.277491975469356	34.439632154375055	33.783891645556146	15.498984224599438
6	30.538604656466354	35.960949689562575	18.583295482836146	14.917150171134926
7	25.91584306593272	28.895534074312685	23.389785735529856	21.79883712422474
8	25.905038645515997	32.76459397977548	19.383857253897336	21.946510120811187
9	24.571695714391595	15.623723163874018	20.50225863402527	39.30232248770912
10-14	27.23916435292083	20.706552414182358	24.72604679182749	27.328236441069322
15-19	26.426797262653384	24.743397510086414	23.12339534362214	25.706409883638067
20-24	26.151641199655312	23.819888254056103	23.89444763529116	26.134022910997423
25-29	26.293992199774863	23.69438595510946	23.705067029443086	26.306554815672595
30-34	26.345668876840307	23.676508875852097	23.671871882144345	26.305950365163255
35-39	26.388766842831433	23.69918239919598	23.625231998460126	26.28681875951246
40-44	26.38150023913947	23.668702833864742	23.57014722864347	26.379649698352313
45-49	26.374837230951208	23.625478686038058	23.63361594182226	26.36606814118847
50-59	26.443528548284252	23.597937210919607	23.5338073561509	26.424726884645246
60-69	26.444602172238234	23.588418305511137	23.55644733088035	26.410532191370283
70-79	26.48746844108143	23.5177478279858	23.51476429873568	26.48001943219709
80-89	26.508101605482153	23.508324387977996	23.492731597084664	26.490842409455183
90-99	26.50885617654355	23.488159649209564	23.46514890728567	26.537835266961217
100-109	26.559484348916808	23.470706423467508	23.416608701195816	26.553200526419868
110-119	26.57878224170777	23.413923015842904	23.385946984546766	26.62134775790256
120-129	26.58579411346939	23.40416507613352	23.375444294136237	26.63459651626085
130-139	26.6390385456168	23.37321066151534	23.35558491417889	26.63216587868897
140-149	26.63232980996585	23.38905957074096	23.311729145890826	26.66688147340236
150-159	26.652832061914957	23.383827820334357	23.281542762308202	26.681797355442487
160-169	26.69007769874025	23.30897714227512	23.28702721479661	26.713917944188026
170-179	26.739644439123666	23.302347369299362	23.237432386839785	26.720575804737184
180-189	26.70614690362373	23.3209687921729	23.282992924447473	26.6898913797559
190-199	26.761008614283334	23.278624387673084	23.238896598268045	26.721470399775544
200-209	26.790190309301977	23.23888963338618	23.169868052265898	26.80105200504595
210-219	26.805841616258096	23.265269064131495	23.13343830505308	26.79545101455733
220-229	26.812915180990483	23.227171703085354	23.12547503472224	26.834438081201927
230-239	26.864366925191575	23.14989030499051	23.116368880696534	26.869373889121384
240-249	27.006564213665634	23.213749705416614	23.030177742312922	26.749508338604826
250-251	33.550524073375584	28.661474630386163	23.434818871953972	14.353182424284281
>>END_MODULE
>>Per base GC content	fail
#Base	%GC
1	65.91790620730022
2	43.72100094545351
3	46.634467371845794
4	45.62457240592931
5	31.776476200068792
6	45.45575482760128
7	47.71468019015746
8	47.851548766327184
9	63.874018202100714
10-14	54.56740079399015
15-19	52.13320714629145
20-24	52.28566411065274
25-29	52.600547015447454
30-34	52.65161924200357
35-39	52.67558560234389
40-44	52.76114993749178
45-49	52.74090537213968
50-59	52.8682554329295
60-69	52.855134363608514
70-79	52.967487873278515
80-89	52.998944014937344
90-99	53.04669144350477
100-109	53.11268487533668
110-119	53.20012999961033
120-129	53.22039062973024
130-139	53.27120442430577
140-149	53.29921128336821
150-159	53.33462941735744
160-169	53.40399564292828
170-179	53.46022024386086
180-189	53.39603828337963
190-199	53.48247901405887
200-209	53.59124231434792
210-219	53.60129263081542
220-229	53.64735326219241
230-239	53.73374081431296
240-249	53.75607255227046
250-251	47.90370649765986
>>END_MODULE
>>Per sequence GC content	warn
#GC Content	Count
0	1184.5
1	592.0
2	0.0
3	0.0
4	0.0
5	0.0
6	0.0
7	0.0
8	0.0
9	0.0
10	0.0
11	0.0
12	0.3333333333333333
13	1.3333333333333333
14	2.0
15	2.5
16	3.5
17	4.5
18	6.5
19	9.833333333333334
20	19.0
21	31.0
22	40.16666666666667
23	69.0
24	124.8333333333333
25	179.00000000000006
26	239.33333333333348
27	344.66666666666646
28	493.6666666666655
29	682.0000000000003
30	936.5000000000045
31	1196.8333333333342
32	1494.333333333322
33	1872.6666666666358
34	2275.3333333333176
35	2811.000000000048
36	3484.5000000001482
37	4287.833333333538
38	5298.499999999861
39	6390.166666666103
40	7392.666666665672
41	8718.166666665764
42	10277.833333333785
43	11819.166666668663
44	13825.333333337181
45	16234.333333339728
46	18629.000000002
47	21676.166666662255
48	25150.999999987722
49	29115.999999978376
50	33378.49999997214
51	37471.83333332485
52	40720.00000000764
53	43474.00000002146
54	44847.16666669566
55	44420.83333336045
56	42255.83333334933
57	38178.499999994936
58	33316.49999996978
59	28122.49999997893
60	23217.999999990978
61	18295.66666666971
62	13967.333333338065
63	10106.666666666983
64	7080.999999998888
65	4910.499999999967
66	3288.333333333528
67	2234.83333333329
68	1526.1666666666367
69	1011.0000000000224
70	668.8333333333377
71	431.1666666666629
72	283.6666666666671
73	183.8333333333339
74	110.66666666666643
75	68.50000000000007
76	59.50000000000008
77	49.50000000000005
78	32.66666666666662
79	20.33333333333333
80	9.333333333333334
81	7.666666666666663
82	7.499999999999997
83	7.166666666666664
84	6.666666666666664
85	6.333333333333331
86	5.333333333333332
87	4.333333333333333
88	3.3333333333333335
89	1.3333333333333333
90	1.3333333333333333
91	0.6666666666666666
92	0.0
93	0.3333333333333333
94	0.3333333333333333
95	2.6666666666666665
96	1.0
97	0.6666666666666666
98	0.3333333333333333
99	0.0
100	2.5
>>END_MODULE
>>Per base N content	pass
#Base	N-Count
1	0.11237768012224869
2	0.11247259370343302
3	0.11256750728461735
4	0.11294716160935468
5	0.11313698877172335
6	0.11427595174593533
7	0.11380138384001366
8	0.11427595174593533
9	0.11237768012224869
10-14	0.11237768012224869
15-19	0.11237768012224869
20-24	0.12095786786131227
25-29	0.11972399130591596
30-34	0.11237768012224869
35-39	0.022514804815277817
40-44	0.0016215816105777487
45-49	0.0
50-59	2.600633186757152E-4
60-69	0.0
70-79	0.0
80-89	0.0
90-99	0.0020061273146571574
100-109	0.0
110-119	0.0
120-129	0.0
130-139	5.7095676176163E-4
140-149	2.8998825225369203E-4
150-159	3.058166434810322E-4
160-169	4.4477872036272596E-4
170-179	2.1540028117672495E-4
180-189	5.789000875181152E-5
190-199	1.421809707832323E-4
200-209	3.0373777273222087E-4
210-219	1.123982093716378E-4
220-229	1.8010762717206582E-4
230-239	1.3281069667975916E-5
240-249	0.0
250-251	1.7708141495133804E-4
>>END_MODULE
>>Sequence Length Distribution	warn
#Length	Count
35-39	3848.0
40-44	3538.0
45-49	4136.0
50-54	4216.0
55-59	4528.0
60-64	4675.0
65-69	4991.0
70-74	5239.0
75-79	5318.0
80-84	5483.0
85-89	5571.0
90-94	5635.0
95-99	5799.0
100-104	6163.0
105-109	6153.0
110-114	6269.0
115-119	6438.0
120-124	6634.0
125-129	6800.0
130-134	7057.0
135-139	7344.0
140-144	7415.0
145-149	7638.0
150-154	7872.0
155-159	8045.0
160-164	8263.0
165-169	8468.0
170-174	8879.0
175-179	8928.0
180-184	9486.0
185-189	9792.0
190-194	9937.0
195-199	10252.0
200-204	10706.0
205-209	11142.0
210-214	11304.0
215-219	11554.0
220-224	11919.0
225-229	12164.0
230-234	12200.0
235-239	12641.0
240-244	12742.0
245-249	60458.0
250-252	665950.0
>>END_MODULE
>>Sequence Duplication Levels	warn
#Total Duplicate Percentage	32.41548437285064
#Duplication Level	Relative count
1	100.0
2	26.576876916922256
3	8.601848667541637
4	3.0769014816010554
5	1.1826138221938363
6	0.487082488191408
7	0.2112562376737951
8	0.10597904281974439
9	0.04842750963286333
10++	0.0786069721576912
>>END_MODULE
>>Overrepresented sequences	warn
#Sequence	Count	Percentage	Possible Source
NNNNNNNNNNNNNNNNNNNNNNNNNNNNNNNNNNN	1184	0.11237768012224869	No Hit
>>END_MODULE
>>Kmer Content	warn
#Sequence	Count	Obs/Exp Overall	Obs/Exp Max	Max Obs/Exp Position
TTTTT	599055	3.630388	4.4209857	240-247
AAAAA	592730	3.590624	4.654709	240-247
CAGCG	672910	2.5244305	6.6722846	9
ATAAA	364950	2.2109606	8.808178	3
TTTAT	362745	2.1981287	8.545318	3
TGCTG	520520	2.197414	5.8147597	2
AAAAC	407980	2.196611	5.1441855	5
CAGCA	517795	2.1939104	5.761987	4
GTTTT	406860	2.1829417	5.812372	1
TTTTA	341340	2.0684206	7.4589357	2
TAAAA	340365	2.0620184	6.596262	4
GATAA	381505	2.0464132	5.5413003	2
TTATC	379435	2.0434105	6.0461597	4
TTATT	307540	1.8636026	7.425885	4
AATAA	303050	1.8359547	6.6889176	2
ATATT	287765	1.7436326	7.9219265	1
AATAT	286895	1.7382224	5.7622557	5
TCCAG	402070	1.7037163	7.2029896	2
CTGGA	400305	1.6897824	6.0773807	4
TACCG	391890	1.66058	7.0085063	7
TTCAG	345645	1.648008	5.4571075	2
CTGCG	435365	1.6334076	5.696707	9
TTAAA	266375	1.6138971	5.6496596	4
TTTAA	265625	1.6094813	5.9415016	2
ATTAA	263245	1.5949332	7.947863	3
TTAAT	263195	1.5947574	6.325679	3
ATTAT	261075	1.5819119	8.047853	3
ATAAT	259025	1.5693651	7.093467	3
CGTTA	311810	1.4866854	5.0245004	2
AACAG	310590	1.4806321	5.6803765	7
ACCGC	392820	1.4792984	5.3105903	8
CAATA	271350	1.461096	5.7096777	4
TATTG	270595	1.4517179	7.418904	2
CTTTA	266090	1.433002	6.2286034	2
TAAAG	264030	1.416271	6.274336	4
CATTA	256755	1.3826189	6.6931543	2
GTTAT	257110	1.3793721	5.348598	1
GAATA	256545	1.376121	6.5849957	1
TATTC	255080	1.3737087	5.804785	5
TAATG	253790	1.3614519	5.7177253	4
AATAC	245995	1.324571	7.44024	5
GTATT	244770	1.3131691	10.357043	1
TCCTG	306255	1.297817	5.6794662	2
ATACC	269380	1.2891858	7.088925	6
GTTTA	240090	1.2880613	6.445295	1
TAAAC	238985	1.2868252	5.3388424	5
CAGGA	303875	1.2826264	5.061774	4
ATTAC	236820	1.2752694	5.6276655	3
GGATA	265960	1.2631499	5.3268266	1
ACAGC	291825	1.2364696	5.2756457	8
GTTCA	251600	1.1996089	5.5248127	1
CATAA	221465	1.1924881	5.10923	2
TAATA	196130	1.1883008	7.722747	4
TATTA	194670	1.1795491	10.631115	2
TTATG	219680	1.1785635	5.448401	4
ACCGT	275585	1.1677536	5.6373773	8
TACTG	237060	1.1302832	5.749041	7
TTATA	142050	0.86071277	5.9879246	4
TATAA	139330	0.8441643	6.8881483	2
ATATA	117555	0.7122353	5.4309883	1
TATAC	111900	0.6025785	5.498211	5
GTATA	108355	0.5812684	7.16608	1
>>END_MODULE
