##FastQC	0.10.1
>>Basic Statistics	pass
#Measure	Value	
Filename	SRR10740743_1.fastq	
File type	Conventional base calls	
Encoding	Sanger / Illumina 1.9	
Total Sequences	955320	
Filtered Sequences	0	
Sequence length	35-251	
%GC	52	
>>END_MODULE
>>Per base sequence quality	pass
#Base	Mean	Median	Lower Quartile	Upper Quartile	10th Percentile	90th Percentile
1	32.80097663610099	33.0	32.0	34.0	32.0	34.0
2	32.96549847171628	33.0	33.0	34.0	32.0	34.0
3	33.08851798350291	33.0	33.0	34.0	32.0	35.0
4	33.187803039819116	34.0	33.0	34.0	32.0	35.0
5	33.08060021772809	34.0	33.0	34.0	32.0	35.0
6	35.50317589917515	37.0	34.0	37.0	33.0	37.0
7	35.46492484193778	37.0	34.0	37.0	33.0	37.0
8	35.412056693045265	37.0	34.0	37.0	33.0	37.0
9	35.43850960934556	37.0	34.0	37.0	33.0	37.0
10-14	35.97286940501612	37.4	35.6	37.4	34.2	37.4
15-19	37.18727798015325	38.0	38.0	38.0	36.0	38.0
20-24	37.40910459322531	38.0	38.0	38.4	36.2	38.4
25-29	37.618054892601435	38.0	38.0	39.0	36.0	39.0
30-34	37.570095674747726	38.0	38.0	39.0	36.0	39.0
35-39	37.561092706963386	38.0	38.0	39.0	36.0	39.0
40-44	37.5882752795888	38.0	38.0	39.0	36.0	39.0
45-49	37.587819594199516	38.0	38.0	39.0	36.0	39.0
50-59	37.49606032370217	38.0	38.0	39.0	36.0	39.0
60-69	37.45351773798094	38.0	38.0	39.0	36.0	39.0
70-79	37.23264266230632	38.0	38.0	39.0	36.0	39.0
80-89	37.239213466493766	38.0	38.0	39.0	35.7	39.0
90-99	37.125222785173364	38.0	38.0	39.0	34.7	39.0
100-109	37.005818234331834	38.0	38.0	39.0	34.0	39.0
110-119	36.904451245046474	38.0	38.0	39.0	34.0	39.0
120-129	36.74204976254136	38.0	38.0	39.0	34.0	39.0
130-139	36.52058201596911	38.0	37.1	39.0	33.2	39.0
140-149	36.290294329762155	38.0	37.0	39.0	32.4	39.0
150-159	36.006225102496465	38.0	37.0	38.3	32.0	39.0
160-169	35.67827244700739	37.3	37.0	38.0	31.7	39.0
170-179	35.36583095056773	37.0	37.0	38.0	30.7	38.9
180-189	35.148031540285785	37.0	37.0	37.7	30.3	38.0
190-199	34.86804425476076	37.0	37.0	37.0	28.8	38.0
200-209	34.513572650664344	37.0	36.7	37.0	26.0	37.8
210-219	34.27302531051726	37.0	36.1	37.0	25.3	37.0
220-229	34.045789343673746	37.0	35.1	37.0	24.9	37.0
230-239	33.838795126578795	37.0	34.5	37.0	24.1	37.0
240-249	33.487228498071815	37.0	33.3	37.0	21.4	37.0
250-251	31.41628785733591	35.0	28.5	37.0	18.5	37.0
>>END_MODULE
>>Per sequence quality scores	pass
#Quality	Count
2	587.0
3	0.0
4	0.0
5	0.0
6	0.0
7	0.0
8	0.0
9	0.0
10	0.0
11	0.0
12	0.0
13	0.0
14	0.0
15	1.0
16	2.0
17	19.0
18	134.0
19	400.0
20	995.0
21	1626.0
22	2540.0
23	3598.0
24	4757.0
25	6119.0
26	7576.0
27	9303.0
28	11109.0
29	13321.0
30	15609.0
31	18986.0
32	22831.0
33	27991.0
34	36665.0
35	52387.0
36	95516.0
37	442350.0
38	180898.0
>>END_MODULE
>>Per base sequence content	fail
#Base	G	A	T	C
1	42.162154235791576	20.801103554606367	13.451718962264842	23.585023247337215
2	18.13093294146112	19.087325985380204	37.23742658942343	25.544314483735242
3	20.800056141350513	25.194792680257205	28.512683650821746	25.492467527570533
4	14.824144551408613	17.783191740518028	36.78106863384842	30.61159507422494
5	15.960378451357604	34.81790196840373	34.00385238595503	15.217867194283638
6	30.533458045338328	36.211171081338975	18.55817280852343	14.697198064799268
7	25.96600306054153	29.21235570573134	23.334796220514008	21.48684501321312
8	25.948092293866452	32.87788313591339	19.335667668342875	21.83835690187728
9	24.726808437542225	15.417713643500331	20.431052451313615	39.42442546764383
10-14	27.28081711692198	20.808699903763607	24.749427169330378	27.16105580998403
15-19	26.333519423755124	24.94240798212694	23.186733882666672	25.537338711451262
20-24	26.084507396308705	24.003904756617818	23.876958270008476	26.034629577065
25-29	26.30739693715416	23.845033113970086	23.716724990128128	26.13084495874763
30-34	26.343951659783414	23.8080803743036	23.66540174059135	26.182566225321636
35-39	26.42773952010154	23.869317823377735	23.62896409176449	26.07397856475624
40-44	26.422300960168098	23.800881644773916	23.554750913096097	26.222066481961892
45-49	26.42131278569795	23.71183321540913	23.633778121136036	26.233075877756885
50-59	26.41731275862331	23.704539522752093	23.634327437911402	26.243820280713194
60-69	26.445194577381265	23.73735743433299	23.56577425859482	26.25167372969093
70-79	26.456728735665852	23.680133626666073	23.544356243423984	26.318781394244095
80-89	26.492049415440487	23.658607809400973	23.51879221733418	26.330550557824356
90-99	26.47122552793079	23.631985197117487	23.505280937898394	26.391508337053327
100-109	26.510494429005266	23.60745976485519	23.458057336171592	26.423988469967952
110-119	26.543118489165302	23.589675174798693	23.454968536845485	26.412237799190518
120-129	26.516221310432186	23.54476671351319	23.46458665406053	26.474425321994094
130-139	26.561632354575732	23.544062180992324	23.433856813568855	26.460448650863093
140-149	26.580386499265664	23.573648375879515	23.380520025804348	26.465445099050473
150-159	26.53547301782598	23.54877982011179	23.39473729351828	26.521009868543956
160-169	26.546998854613786	23.505576348403377	23.40375492686712	26.543669870115714
170-179	26.5862921886806	23.525357152511837	23.354815918339835	26.53353474046773
180-189	26.574070025870316	23.567383028915604	23.37462403728553	26.483922907928548
190-199	26.597637391862182	23.48774320152522	23.359826706730527	26.554792699882068
200-209	26.593686203263424	23.525758777052996	23.32490836589197	26.555646653791605
210-219	26.56193774431165	23.53460934509005	23.34867643812853	26.554776472469772
220-229	26.60643733627778	23.494110543881533	23.31750921842731	26.58194290141338
230-239	26.60597066430465	23.50406921536499	23.302484546554155	26.58747557377621
240-249	26.707598848929415	23.614607427476113	23.255346732772328	26.422446990822145
250-251	32.42797629290508	29.469991956235518	24.329486199541385	13.772545551318016
>>END_MODULE
>>Per base GC content	fail
#Base	%GC
1	65.7471774831288
2	43.67524742519636
3	46.29252366892105
4	45.43573962563355
5	31.17824564564124
6	45.230656110137595
7	47.45284807375465
8	47.78644919574373
9	64.15123390518606
10-14	54.44187292690601
15-19	51.87085813520639
20-24	52.119136973373706
25-29	52.43824189590178
30-34	52.52651788510505
35-39	52.50171808485777
40-44	52.64436744212999
45-49	52.65438866345483
50-59	52.661133039336505
60-69	52.69686830707219
70-79	52.77551012990994
80-89	52.82259997326485
90-99	52.862733864984115
100-109	52.93448289897322
110-119	52.95535628835582
120-129	52.99064663242628
130-139	53.02208100543883
140-149	53.04583159831613
150-159	53.056482886369935
160-169	53.090668724729504
170-179	53.11982692914833
180-189	53.05799293379887
190-199	53.15243009174425
200-209	53.14933285705503
210-219	53.116714216781425
220-229	53.188380237691156
230-239	53.19344623808085
240-249	53.13004583975156
250-251	46.2005218442231
>>END_MODULE
>>Per sequence GC content	warn
#GC Content	Count
0	587.0
1	293.5
2	0.0
3	0.0
4	0.0
5	0.0
6	0.0
7	0.0
8	0.0
9	0.0
10	0.0
11	0.5
12	1.0
13	0.5
14	0.5
15	2.5
16	4.0
17	4.5
18	6.5
19	11.5
20	16.0
21	21.999999999999996
22	36.666666666666664
23	60.0
24	98.66666666666667
25	138.0
26	190.5
27	296.8333333333332
28	445.66666666666583
29	625.1666666666672
30	800.8333333333366
31	1021.6666666666756
32	1319.4999999999927
33	1680.4999999999707
34	2092.833333333279
35	2552.333333333351
36	3122.833333333454
37	3810.6666666669284
38	4742.000000000057
39	5661.49999999964
40	6583.166666665909
41	7759.833333331979
42	9209.833333332734
43	10546.333333334129
44	12206.333333335831
45	14240.833333338143
46	16312.333333340433
47	18984.333333334787
48	22224.499999993957
49	25699.499999985244
50	29445.3333333091
51	33326.99999997
52	36294.83333331869
53	38750.16666666439
54	39996.500000004104
55	39798.0000000033
56	38004.66666666022
57	34376.99999997458
58	29873.499999973526
59	25041.49999998615
60	20207.499999998276
61	15827.166666673891
62	12018.333333335864
63	8667.833333332168
64	5799.83333333288
65	3861.83333333365
66	2566.500000000031
67	1664.4999999999561
68	1123.3333333333421
69	775.0000000000076
70	486.83333333332934
71	294.1666666666667
72	193.50000000000048
73	115.33333333333314
74	75.83333333333337
75	49.83333333333336
76	37.33333333333333
77	23.166666666666654
78	14.000000000000007
79	7.499999999999998
80	4.333333333333333
81	3.3333333333333335
82	3.3333333333333335
83	3.3333333333333335
84	2.6666666666666665
85	1.4999999999999998
86	0.0
87	0.0
88	0.0
89	0.3333333333333333
90	0.0
91	0.0
92	0.5
93	0.5
94	0.0
95	0.0
96	0.0
97	0.0
98	0.0
99	0.0
100	0.0
>>END_MODULE
>>Per base N content	pass
#Base	N-Count
1	0.061445379558681915
2	0.061445379558681915
3	0.061445379558681915
4	0.061445379558681915
5	0.061445379558681915
6	0.061445379558681915
7	0.061445379558681915
8	0.061445379558681915
9	0.061445379558681915
10-14	0.061508185738810034
15-19	0.061445379558681915
20-24	0.061445379558681915
25-29	0.061445379558681915
30-34	0.061445379558681915
35-39	0.01230121075767076
40-44	0.0
45-49	0.0
50-59	0.0
60-69	0.0
70-79	0.0
80-89	0.001357205354756784
90-99	0.0
100-109	4.388361669898878E-4
110-119	0.001108958130509512
120-129	5.274976085839798E-4
130-139	0.0
140-149	6.121854002329539E-4
150-159	2.3498156452135546E-4
160-169	0.0010298191314289903
170-179	0.0010764213930434066
180-189	2.5054779142748225E-5
190-199	2.3159239327064557E-4
200-209	0.001126201773224566
210-219	8.078616163174902E-4
220-229	5.963826834324039E-4
230-239	3.249925473299942E-4
240-249	0.0025228562261383073
250-251	3.0013956489767746E-4
>>END_MODULE
>>Sequence Length Distribution	warn
#Length	Count
35-39	1995.0
40-44	1839.0
45-49	2203.0
50-54	2359.0
55-59	2570.0
60-64	2891.0
65-69	2986.0
70-74	3292.0
75-79	3445.0
80-84	3722.0
85-89	3956.0
90-94	4232.0
95-99	4195.0
100-104	4565.0
105-109	4770.0
110-114	5051.0
115-119	5142.0
120-124	5658.0
125-129	5850.0
130-134	6214.0
135-139	6469.0
140-144	6770.0
145-149	7185.0
150-154	7519.0
155-159	7918.0
160-164	8206.0
165-169	8575.0
170-174	9057.0
175-179	9440.0
180-184	9948.0
185-189	10403.0
190-194	10609.0
195-199	11205.0
200-204	11347.0
205-209	12160.0
210-214	12471.0
215-219	12840.0
220-224	13379.0
225-229	13439.0
230-234	13833.0
235-239	14373.0
240-244	14670.0
245-249	61333.0
250-252	585236.0
>>END_MODULE
>>Sequence Duplication Levels	warn
#Total Duplicate Percentage	33.10079350085017
#Duplication Level	Relative count
1	100.0
2	27.75647950070249
3	8.641687670768643
4	2.957518762487733
5	1.0618544327480426
6	0.41372785744039425
7	0.19133148356031884
8	0.07272008415761196
9	0.04659733547963485
10++	0.062129780639513126
>>END_MODULE
>>Overrepresented sequences	pass
>>END_MODULE
>>Kmer Content	warn
#Sequence	Count	Obs/Exp Overall	Obs/Exp Max	Max Obs/Exp Position
TTTTT	541295	3.5163612	3.95559	240-247
AAAAA	549470	3.4943595	4.2083592	240-247
CAGCG	638925	2.645628	7.252525	9
CAGCA	488295	2.2601855	6.127731	4
TGCTG	477190	2.2092965	5.7249784	2
TTTAT	339245	2.1944504	7.6985526	3
ATAAA	343475	2.1936426	9.047734	3
GTTTT	378910	2.1926305	6.030068	1
AAAAC	377125	2.1633136	5.109169	5
TTTTA	318845	2.0624902	7.012331	2
TTATC	354985	2.0624607	6.041522	4
GATAA	358390	2.0475936	5.480103	2
TAAAA	318315	2.0329554	6.274131	4
TTATT	285085	1.8441094	6.740701	4
AATAA	285215	1.8215585	7.2127805	2
ATATT	270215	1.7405022	7.4808154	1
TCCAG	373950	1.738291	6.8781333	2
AATAT	267340	1.7146753	5.705516	5
CTGGA	370955	1.7101599	5.848418	4
TTCAG	324475	1.6792943	5.398818	2
TACCG	359335	1.6703539	7.206887	7
CTGCG	394475	1.6403841	5.734845	9
ATTAA	248405	1.5932293	7.7467437	3
TTAAA	247270	1.5859495	5.7693043	4
TTTAA	245395	1.5806323	5.729835	2
TTAAT	244820	1.5769286	6.128432	3
ATTAT	243635	1.5692958	7.281517	3
ATAAT	242935	1.5581456	6.7970057	3
AACAG	288475	1.480333	6.1016116	7
ACCGC	352435	1.4714698	5.67029	8
TATTG	253230	1.4591414	7.3798366	2
CAATA	250290	1.4418657	5.8248324	4
AACTG	279640	1.4411119	5.125332	7
CTTTA	244160	1.418568	5.9837394	2
TAAAG	245705	1.4037892	5.9788675	4
CATTA	239245	1.3841125	6.482575	2
GAATA	240230	1.3725088	6.553395	1
GTTAT	237995	1.3713555	5.5141835	1
TATTC	235925	1.3707228	5.5985203	5
TAATG	235220	1.3496131	6.1501803	4
AATAC	228905	1.3186713	7.429049	5
GTATT	228455	1.3163849	10.079621	1
TCCTG	277980	1.2976862	5.4733424	2
TATCC	246270	1.2851403	5.0227118	5
ATTAC	221205	1.2797449	5.6195097	3
ATACC	246225	1.279452	7.1776605	6
GTTTA	221905	1.278643	6.252804	1
TAAAC	219480	1.264376	5.4110465	5
GGATA	247270	1.2637944	5.433268	1
ACAGC	272205	1.2599632	5.3809447	8
GTTCA	232975	1.2057434	5.398818	1
CATAA	204840	1.1800382	5.417413	2
ACCGT	252505	1.173759	5.8045487	8
TATTA	181765	1.1707803	10.064579	2
TAATA	182250	1.1689218	7.690043	4
TACTG	215105	1.1132587	5.6390195	7
TTATA	128625	0.8284962	5.331238	4
TATAA	128065	0.82138807	6.7332172	2
ATATA	108730	0.69737655	5.0747194	1
TATAC	100730	0.5827567	5.3254285	5
GTATA	98930	0.567627	6.7969003	1
>>END_MODULE
