##FastQC	0.10.1
>>Basic Statistics	pass
#Measure	Value	
Filename	SRR10740747_1.fastq	
File type	Conventional base calls	
Encoding	Sanger / Illumina 1.9	
Total Sequences	1042044	
Filtered Sequences	0	
Sequence length	35-251	
%GC	52	
>>END_MODULE
>>Per base sequence quality	pass
#Base	Mean	Median	Lower Quartile	Upper Quartile	10th Percentile	90th Percentile
1	32.6719505126463	33.0	32.0	34.0	32.0	34.0
2	32.72425444606946	33.0	32.0	34.0	32.0	34.0
3	32.97248964535087	33.0	32.0	34.0	32.0	34.0
4	33.0299229207212	33.0	33.0	34.0	32.0	35.0
5	32.97561043487607	33.0	33.0	34.0	32.0	35.0
6	35.51619221453221	37.0	34.0	37.0	33.0	37.0
7	35.49736767353394	37.0	34.0	37.0	33.0	37.0
8	35.45799889448046	37.0	34.0	37.0	33.0	37.0
9	35.475216977402106	37.0	34.0	37.0	33.0	37.0
10-14	36.02143479545969	37.4	35.6	37.4	34.6	37.4
15-19	37.23802353835347	38.0	38.0	38.0	36.8	38.0
20-24	37.4524284963015	38.2	38.0	38.4	37.0	38.4
25-29	37.6770380137499	38.0	38.0	39.0	36.6	39.0
30-34	37.62892219522401	38.0	38.0	39.0	36.2	39.0
35-39	37.651586310833814	38.0	38.0	39.0	36.2	39.0
40-44	37.68006244410556	38.0	38.0	39.0	36.4	39.0
45-49	37.67681924742885	38.0	38.0	39.0	36.4	39.0
50-59	37.594568832513175	38.0	38.0	39.0	36.0	39.0
60-69	37.552170391790625	38.0	38.0	39.0	36.0	39.0
70-79	37.35706738721406	38.0	38.0	39.0	36.0	39.0
80-89	37.357814765686626	38.0	38.0	39.0	36.0	39.0
90-99	37.24863679422096	38.0	38.0	39.0	35.3	39.0
100-109	37.1370259950683	38.0	38.0	39.0	34.6	39.0
110-119	37.04153694755346	38.0	38.0	39.0	34.2	39.0
120-129	36.87711754690255	38.0	38.0	39.0	34.0	39.0
130-139	36.66926904557094	38.0	37.5	39.0	33.8	39.0
140-149	36.44171457616402	38.0	37.0	39.0	33.2	39.0
150-159	36.158667104098086	38.0	37.0	38.4	32.6	39.0
160-169	35.83638114920076	37.5	37.0	38.0	32.0	39.0
170-179	35.534478325752914	37.0	37.0	38.0	31.5	38.9
180-189	35.315808536279704	37.0	37.0	37.7	31.2	38.0
190-199	35.04746007858341	37.0	37.0	37.0	30.5	38.0
200-209	34.721800421658045	37.0	37.0	37.0	27.7	37.8
210-219	34.50180174222449	37.0	36.8	37.0	26.2	37.0
220-229	34.29336842873085	37.0	36.4	37.0	25.6	37.0
230-239	34.12046034760934	37.0	35.7	37.0	25.2	37.0
240-249	33.80567149036507	37.0	34.6	37.0	24.1	37.0
250-251	31.770499461252413	36.0	29.5	37.0	18.5	37.0
>>END_MODULE
>>Per sequence quality scores	pass
#Quality	Count
2	1663.0
3	0.0
4	0.0
5	0.0
6	0.0
7	0.0
8	0.0
9	0.0
10	0.0
11	0.0
12	0.0
13	0.0
14	0.0
15	0.0
16	1.0
17	19.0
18	126.0
19	428.0
20	912.0
21	1673.0
22	2442.0
23	3433.0
24	4424.0
25	5984.0
26	7129.0
27	9000.0
28	10683.0
29	13092.0
30	15496.0
31	18593.0
32	22491.0
33	28027.0
34	36324.0
35	51116.0
36	95188.0
37	493779.0
38	220021.0
>>END_MODULE
>>Per base sequence content	fail
#Base	G	A	T	C
1	41.61292834067519	21.11966673747406	13.442767601484457	23.82463732036629
2	17.858553741369747	19.3326291041455	36.96732254818187	25.841494606302884
3	20.67636759994656	25.40040619734501	28.402575594902252	25.52065060780618
4	14.75180727060567	17.888446636376482	36.95607666806679	30.40366942495105
5	15.973282864642858	34.79244622883348	33.98639536861977	15.247875537903901
6	30.355417870953044	36.34312814247857	18.586844627112566	14.714609359455816
7	25.783246714424813	29.25793531408205	23.5276307429682	21.431187228524934
8	25.876962382050422	32.84383317265502	19.497184204632724	21.782020240661833
9	24.74901021837192	15.455684023449102	20.5566037826527	39.238701975526276
10-14	27.171037214650102	20.91388478408767	24.775010222220597	27.140067779041633
15-19	26.308996415736157	24.98184799607067	23.23860201214747	25.470553576045702
20-24	26.115105908316284	23.982637130051394	23.91433522911318	25.987921732519144
25-29	26.294578620716834	23.840650684701085	23.71473527486565	26.15003541971643
30-34	26.33375657571601	23.761468154454953	23.710160027912853	26.194615241916182
35-39	26.410736894051873	23.829619498585153	23.645733770265636	26.11390983709734
40-44	26.37780785555861	23.791408656911106	23.60659267841865	26.224190809111636
45-49	26.34749280486227	23.773174133018447	23.679259469081014	26.20007359303827
50-59	26.39448410997489	23.74076296613802	23.576775457718448	26.287977466168638
60-69	26.4259641400779	23.732278166351712	23.569754750468864	26.272002943101526
70-79	26.444969979383607	23.679620279499275	23.54287818430148	26.332531556815642
80-89	26.483817852397333	23.659047552408037	23.524173797526984	26.332960797667642
90-99	26.49350388406036	23.629595190420613	23.47329649596162	26.403604429557408
100-109	26.525635004554353	23.581061296114285	23.43191592958823	26.461387769743133
110-119	26.52580272719226	23.57066121766237	23.420471805823244	26.48306424932213
120-129	26.559580628397317	23.538228957541197	23.426678429160294	26.475511984901196
130-139	26.584131466118087	23.541447490090526	23.38309120042033	26.49132984337105
140-149	26.572108852152926	23.52897208858847	23.376937940667215	26.521981118591388
150-159	26.597117567860458	23.492209714607412	23.34394258310034	26.566730134431786
160-169	26.577240753764364	23.48327585905997	23.340450992628107	26.59903239454756
170-179	26.612886683396898	23.452427809566924	23.309623999438198	26.625061507597987
180-189	26.608091407275015	23.494142886179564	23.314858874886195	26.582906831659226
190-199	26.620670518634622	23.451752216379408	23.336089091070875	26.591488173915096
200-209	26.606992021114696	23.46507895409953	23.297122360238873	26.630806664546906
210-219	26.636633605865867	23.459851183951443	23.301524770942102	26.601990439240588
220-229	26.632703576853135	23.452533904453485	23.266704351827997	26.64805816686538
230-239	26.64433926764494	23.448174745963843	23.220793515857533	26.686692470533686
240-249	26.75744963486008	23.558840219303942	23.186091021442497	26.49761912439348
250-251	32.50858992899511	29.42098091980561	24.22209233456424	13.848336816635044
>>END_MODULE
>>Per base GC content	fail
#Base	%GC
1	65.43756566104149
2	43.700048347672634
3	46.19701820775274
4	45.15547669555672
5	31.221158402546763
6	45.07002723040886
7	47.214433942949746
8	47.65898262271225
9	63.9877121938982
10-14	54.31110499369173
15-19	51.779549991781856
20-24	52.10302764083542
25-29	52.444614040433265
30-34	52.52837181763219
35-39	52.52464673114922
40-44	52.60199866467025
45-49	52.54756639790054
50-59	52.68246157614354
60-69	52.69796708317943
70-79	52.777501536199246
80-89	52.816778650064975
90-99	52.89710831361777
100-109	52.987022774297486
110-119	53.00886697651439
120-129	53.03509261329851
130-139	53.075461309489135
140-149	53.09408997074431
150-159	53.163847702292244
160-169	53.17627314831193
170-179	53.23794819099488
180-189	53.19099823893424
190-199	53.212158692549714
200-209	53.237798685661595
210-219	53.238624045106455
220-229	53.28076174371852
230-239	53.33103173817862
240-249	53.25506875925357
250-251	46.35692674563015
>>END_MODULE
>>Per sequence GC content	warn
#GC Content	Count
0	1663.0
1	831.5
2	0.0
3	0.0
4	0.0
5	0.0
6	0.0
7	0.0
8	0.0
9	0.0
10	0.0
11	0.5
12	1.0
13	0.5
14	1.5
15	4.0
16	7.0
17	9.5
18	9.0
19	10.5
20	20.0
21	39.5
22	63.33333333333333
23	102.0
24	166.16666666666666
25	220.33333333333337
26	318.83333333333337
27	494.9999999999996
28	699.8333333333336
29	933.3333333333354
30	1200.0000000000002
31	1482.9999999999945
32	1826.4999999999839
33	2258.166666666653
34	2819.6666666666924
35	3531.0000000001055
36	4221.3333333334895
37	4934.1666666666515
38	6010.333333333001
39	7225.833333332571
40	8429.166666665707
41	9888.500000000078
42	11612.833333334642
43	13216.500000002612
44	15240.66666667114
45	17608.666666670088
46	19953.9999999993
47	23007.49999999335
48	26608.66666665293
49	30725.49999997714
50	34924.49999998134
51	39127.8333333331
52	42340.50000001454
53	44815.500000026484
54	45888.66666669886
55	45325.500000029846
56	42931.0000000183
57	38995.49999999986
58	33940.333333308554
59	28426.66666664668
60	23391.333333324816
61	18400.500000002485
62	13737.000000004082
63	9885.833333333485
64	6805.833333332508
65	4652.666666666732
66	3162.6666666667993
67	2089.166666666605
68	1427.8333333333164
69	966.3333333333452
70	618.8333333333337
71	408.33333333333167
72	256.0000000000009
73	156.50000000000006
74	101.33333333333317
75	63.8333333333334
76	47.000000000000014
77	30.99999999999999
78	19.166666666666668
79	9.833333333333334
80	4.666666666666666
81	3.166666666666667
82	1.9999999999999998
83	1.6666666666666665
84	1.6666666666666665
85	0.6666666666666666
86	0.6666666666666666
87	0.3333333333333333
88	0.0
89	0.5
90	0.5
91	0.0
92	0.0
93	0.0
94	0.0
95	0.0
96	0.0
97	0.0
98	0.0
99	0.0
100	0.5
>>END_MODULE
>>Per base N content	pass
#Base	N-Count
1	0.15959019004955644
2	0.15959019004955644
3	0.15959019004955644
4	0.15959019004955644
5	0.15959019004955644
6	0.15959019004955644
7	0.15959019004955644
8	0.15959019004955644
9	0.15959019004955644
10-14	0.15962857614457737
15-19	0.15959019004955644
20-24	0.15959019004955644
25-29	0.15959019004955644
30-34	0.15959019004955644
35-39	0.031997500231370976
40-44	0.0
45-49	0.0
50-59	0.0
60-69	0.0
70-79	0.0
80-89	0.0010913812500701239
90-99	0.0
100-109	3.368126784712493E-4
110-119	9.632922503459557E-4
120-129	4.5748469468615184E-4
130-139	0.0
140-149	4.8623552049985915E-4
150-159	2.4236025651871187E-4
160-169	8.726013780026627E-4
170-179	9.652889339035295E-4
180-189	7.418131644636876E-5
190-199	2.1578894723934855E-4
200-209	8.621793280749103E-4
210-219	8.623662170190397E-4
220-229	5.433990530365836E-4
230-239	3.6112764273208954E-4
240-249	0.002787479965929461
250-251	1.945069297956413E-4
>>END_MODULE
>>Sequence Length Distribution	warn
#Length	Count
35-39	5484.0
40-44	4925.0
45-49	5559.0
50-54	5847.0
55-59	6455.0
60-64	6524.0
65-69	6560.0
70-74	6879.0
75-79	6919.0
80-84	7217.0
85-89	7244.0
90-94	7744.0
95-99	7533.0
100-104	7929.0
105-109	7758.0
110-114	7913.0
115-119	8057.0
120-124	8310.0
125-129	8239.0
130-134	8436.0
135-139	8332.0
140-144	8705.0
145-149	8860.0
150-154	9016.0
155-159	9207.0
160-164	9168.0
165-169	9642.0
170-174	9778.0
175-179	9853.0
180-184	10083.0
185-189	10422.0
190-194	10630.0
195-199	11156.0
200-204	11364.0
205-209	11452.0
210-214	11865.0
215-219	12129.0
220-224	12332.0
225-229	12593.0
230-234	12842.0
235-239	13159.0
240-244	13532.0
245-249	62219.0
250-252	602173.0
>>END_MODULE
>>Sequence Duplication Levels	warn
#Total Duplicate Percentage	33.52839882298398
#Duplication Level	Relative count
1	100.0
2	27.73558989103901
3	9.19656392117231
4	3.172038801784939
5	1.2383548384800973
6	0.5145577863339715
7	0.2334370040353287
8	0.11743020020069889
9	0.04839547644634863
10++	0.08326868741504102
>>END_MODULE
>>Overrepresented sequences	warn
#Sequence	Count	Percentage	Possible Source
NNNNNNNNNNNNNNNNNNNNNNNNNNNNNNNNNNN	1663	0.15959019004955644	No Hit
>>END_MODULE
>>Kmer Content	warn
#Sequence	Count	Obs/Exp Overall	Obs/Exp Max	Max Obs/Exp Position
AAAAA	569990	3.4623723	4.389972	15-19
TTTTT	553835	3.4594555	3.8733947	240-247
CAGCG	668795	2.646615	7.2923613	9
CAGCA	507825	2.2444477	5.6810293	4
TGCTG	496815	2.2054513	5.6072497	2
TTTAT	350815	2.179121	8.023757	3
ATAAA	355720	2.1728961	9.31456	3
GTTTT	387285	2.1539533	5.7579913	1
AAAAC	391605	2.1443617	5.2629337	5
TTATC	369050	2.0549793	6.337199	4
GATAA	372515	2.0374022	5.3725886	2
TTTTA	327055	2.0315335	7.0100913	2
TAAAA	329230	2.0110836	6.40821	4
TTATT	295815	1.8374833	6.9903445	4
AATAA	296775	1.8128339	7.489191	2
ATATT	284030	1.754459	7.854727	1
TCCAG	391285	1.7390527	6.5746975	2
AATAT	281025	1.7262346	6.170694	5
CTGGA	388165	1.713543	5.744442	4
TACCG	375280	1.6679189	6.7489552	7
TTCAG	336135	1.6665342	5.4954467	2
CTGCG	417170	1.6601027	5.4271436	9
GTAAA	298450	1.6323175	5.2045145	3
TTAAA	257665	1.5827426	6.020983	4
TTAAT	255715	1.5795567	5.9695926	3
TTTAA	255595	1.5788155	5.478672	2
ATAAT	256835	1.5776441	7.264235	3
ATTAA	255455	1.5691674	7.609221	3
ATTAT	253245	1.5642995	7.4423537	3
CGTTA	303140	1.5029472	5.122429	2
AACAG	300030	1.4710139	6.286491	7
ACCGC	365890	1.4577705	5.146514	8
TATTG	263535	1.4575372	7.4783	2
CAATA	262635	1.446194	5.636661	4
AACTG	293110	1.4451301	5.1879573	7
CTTTA	258790	1.4410193	5.9949675	2
TAAAG	257870	1.4103726	6.5143366	4
GAATA	252490	1.3809476	6.8736677	1
TAATG	250505	1.37776	5.6765833	4
TATTC	247320	1.3771508	5.847453	5
CATTA	248210	1.3744136	6.554238	2
GTTAT	248165	1.3725302	5.1398664	1
GTATT	239755	1.3260169	9.916368	1
AATAC	239620	1.3194624	7.293816	5
TCCTG	291990	1.3050036	5.403812	2
CAGGA	296860	1.3031852	5.0239935	4
TATCC	258145	1.2885612	5.1096287	5
ATACC	259490	1.2880651	6.5487347	6
GTTTA	230810	1.2765447	6.218242	1
TAAAC	231655	1.2756033	5.3040633	5
ATTAC	228750	1.2666576	5.6564765	3
GGATA	258595	1.2663549	5.350136	1
ACAGC	281670	1.2449044	5.4234395	8
GTTCA	242315	1.2013811	5.490193	1
CATAA	214590	1.1816353	5.368249	2
ACCGT	265810	1.1813834	5.4773445	8
TAATA	191160	1.1742265	7.804496	4
TATTA	190090	1.1741897	10.230782	2
TTATG	211590	1.1702442	5.180891	4
TACTG	224610	1.113601	5.7528815	7
TTATA	134930	0.83346534	5.596493	4
TATAA	135115	0.8299624	6.997359	2
ATATA	114440	0.70296335	5.1422453	1
TATAC	107030	0.5926573	5.2222657	5
GTATA	104680	0.57573277	6.871347	1
>>END_MODULE
