##FastQC	0.10.1
>>Basic Statistics	pass
#Measure	Value	
Filename	SRR10740740_2.fastq.gz	
File type	Conventional base calls	
Encoding	Sanger / Illumina 1.9	
Total Sequences	1027813	
Filtered Sequences	0	
Sequence length	35-251	
%GC	52	
>>END_MODULE
>>Per base sequence quality	pass
#Base	Mean	Median	Lower Quartile	Upper Quartile	10th Percentile	90th Percentile
1	31.645009354814544	33.0	32.0	33.0	30.0	34.0
2	31.96651336381229	33.0	32.0	34.0	31.0	34.0
3	32.201371261114616	33.0	32.0	34.0	32.0	34.0
4	32.3691838885089	33.0	32.0	34.0	32.0	34.0
5	32.4438443569015	33.0	32.0	34.0	32.0	34.0
6	35.007545146831184	37.0	34.0	37.0	32.0	37.0
7	35.02762953961469	37.0	34.0	37.0	33.0	37.0
8	34.8591270980227	37.0	34.0	37.0	32.0	37.0
9	34.976060820402154	37.0	34.0	37.0	33.0	37.0
10-14	35.64469645742951	37.4	35.6	37.4	34.0	37.4
15-19	36.87076948822403	38.0	38.0	38.0	36.0	38.0
20-24	36.997660469365535	38.0	38.0	38.4	36.0	38.4
25-29	37.19716504850591	38.0	38.0	39.0	36.0	39.0
30-34	37.17709855781159	38.0	38.0	39.0	36.0	39.0
35-39	37.18309219990463	38.0	38.0	39.0	36.0	39.0
40-44	37.10327072671665	38.0	38.0	39.0	35.6	39.0
45-49	37.02468604529029	38.0	38.0	39.0	35.6	39.0
50-59	36.926242857157234	38.0	38.0	39.0	35.0	39.0
60-69	36.897626882398534	38.0	38.0	39.0	34.8	39.0
70-79	36.83040907753862	38.0	38.0	39.0	34.0	39.0
80-89	36.64307628368769	38.0	38.0	39.0	33.6	39.0
90-99	36.397036788801586	38.0	37.5	39.0	32.6	39.0
100-109	36.33843786002843	38.0	37.2	39.0	32.2	39.0
110-119	36.21866235013859	38.0	37.0	39.0	31.6	39.0
120-129	35.972776736044715	38.0	37.0	39.0	30.4	39.0
130-139	35.67815049105415	38.0	37.0	39.0	29.0	39.0
140-149	35.40068862898384	38.0	37.0	39.0	26.8	39.0
150-159	35.0525935831328	38.0	36.9	38.0	26.0	39.0
160-169	34.642331598055065	37.0	36.0	38.0	24.7	39.0
170-179	34.2291232483529	37.0	35.1	38.0	24.0	38.4
180-189	33.83060569652999	37.0	34.1	37.3	24.0	38.0
190-199	33.43453481813079	37.0	33.0	37.0	18.6	38.0
200-209	33.043484272164655	37.0	33.0	37.0	14.2	37.5
210-219	32.58699003923432	37.0	32.4	37.0	14.0	37.0
220-229	32.057405965003156	37.0	31.6	37.0	14.0	37.0
230-239	31.51343740194891	37.0	29.5	37.0	14.0	37.0
240-249	30.85709176751691	37.0	26.0	37.0	13.3	37.0
250-251	27.27575152757578	30.5	19.5	36.0	12.5	37.0
>>END_MODULE
>>Per sequence quality scores	pass
#Quality	Count
2	782.0
3	0.0
4	0.0
5	0.0
6	0.0
7	0.0
8	0.0
9	0.0
10	0.0
11	0.0
12	0.0
13	0.0
14	7.0
15	51.0
16	224.0
17	770.0
18	1926.0
19	3280.0
20	4604.0
21	5946.0
22	7123.0
23	8238.0
24	9370.0
25	10946.0
26	12391.0
27	13935.0
28	16108.0
29	18479.0
30	20823.0
31	24888.0
32	29316.0
33	36208.0
34	47249.0
35	68128.0
36	126638.0
37	414167.0
38	146216.0
>>END_MODULE
>>Per base sequence content	fail
#Base	G	A	T	C
1	42.639608736250416	20.639883314135602	13.088115159133462	23.632392790480523
2	17.892466627070288	18.984547676309358	37.462975765070155	25.6600099315502
3	20.52987741351275	25.44443687136695	28.73956943808847	25.286116277031827
4	14.262846571407707	17.68067963292033	37.576592585380105	30.479881210291865
5	15.915647787253889	34.70950617656595	34.20075616317779	15.174089873002364
6	30.204592722995553	36.40712510808011	18.752775029795057	14.635507139129283
7	25.562037072197995	29.143066903078118	23.800245953595976	21.49465007112791
8	25.85719042898956	32.55746247874916	19.745126180845908	21.84022091141538
9	24.820477668152176	15.293014524391182	20.561794142533184	39.32471366492346
10-14	27.159608619408758	20.768603868821874	24.94321982491278	27.12856768685658
15-19	26.3220876487662	24.800088799656486	23.27602574800566	25.601797803571653
20-24	26.15556207761725	23.886241654590357	23.887507549113298	26.07068871867909
25-29	26.26584811478007	23.73807612002822	23.756752751200203	26.239323013991505
30-34	26.316187145276043	23.679343661486364	23.719556663820274	26.28491252941732
35-39	26.375574918024736	23.758114713146984	23.641961981560534	26.224348387267742
40-44	26.3812818492405	23.70185937562551	23.591232237900094	26.325626537233894
45-49	26.352945507033215	23.698627347553657	23.647739781467372	26.30068736394576
50-59	26.39643872259862	23.62861576698302	23.611349015136334	26.363596495282028
60-69	26.41287471386764	23.619848751470133	23.615810283878535	26.35146625078369
70-79	26.45011809174746	23.563938431331916	23.544322127041646	26.441621349878975
80-89	26.467189435415385	23.546679679564107	23.524533348030506	26.461597536990006
90-99	26.512193554276404	23.518496837899594	23.486684431385978	26.482625176438024
100-109	26.49852594248867	23.5109043314613	23.494434701766302	26.496135024283724
110-119	26.55307826034596	23.455813840011754	23.453228746037357	26.537879153604933
120-129	26.535626483943826	23.46091853986501	23.456269835218144	26.547185140973017
130-139	26.585996100186282	23.44526088968342	23.42886937843731	26.53987363169299
140-149	26.607945201587942	23.457355285284244	23.397253899027284	26.537445614100523
150-159	26.59293018088921	23.40549135997831	23.394265535238933	26.607312923893545
160-169	26.601541662791835	23.40011335159779	23.400473626839062	26.597871358771318
170-179	26.652253223489808	23.37477342097247	23.364899518077586	26.60807383746014
180-189	26.64699780682466	23.398004613661826	23.351834983422084	26.60316259609143
190-199	26.678734573049656	23.35936982318373	23.325874780873978	26.636020822892633
200-209	26.708288563949655	23.315532951473276	23.280125290184262	26.696053194392803
210-219	26.691322843831117	23.330212804733943	23.278145195317425	26.700319156117512
220-229	26.70230066132804	23.323317267474465	23.253249421455084	26.72113264974241
230-239	26.775450299754333	23.298990572307883	23.18335453652169	26.74220459141609
240-249	26.892853412967565	23.332224874657502	23.17572973650874	26.599191975866187
250-251	33.41675979752256	28.691597562006365	23.604680647251623	14.286961993219446
>>END_MODULE
>>Per base GC content	fail
#Base	%GC
1	66.27200152673095
2	43.55247655862049
3	45.81599369054458
4	44.74272778169957
5	31.089737660256255
6	44.84009986212484
7	47.0566871433259
8	47.69741134040494
9	64.14519133307563
10-14	54.28817630626534
15-19	51.923885452337856
20-24	52.22625079629635
25-29	52.50517112877158
30-34	52.601099674693366
35-39	52.599923305292485
40-44	52.706908386474396
45-49	52.653632870978974
50-59	52.76003521788064
60-69	52.76434096465133
70-79	52.89173944162644
80-89	52.92878697240538
90-99	52.99481873071442
100-109	52.994660966772386
110-119	53.09095741395089
120-129	53.08281162491685
130-139	53.12586973187927
140-149	53.145390815688465
150-159	53.20024310478275
160-169	53.199413021563146
170-179	53.26032706094994
180-189	53.250160402916094
190-199	53.31475539594229
200-209	53.40434175834247
210-219	53.391641999948625
220-229	53.423433311070454
230-239	53.51765489117043
240-249	53.49204538883375
250-251	47.70372179074201
>>END_MODULE
>>Per sequence GC content	warn
#GC Content	Count
0	782.0
1	391.0
2	0.0
3	0.0
4	0.0
5	0.0
6	0.0
7	0.0
8	0.0
9	0.0
10	0.5
11	1.0
12	2.0
13	2.5
14	1.5
15	2.5
16	4.0
17	4.0
18	6.5
19	13.333333333333332
20	22.833333333333332
21	37.33333333333333
22	52.333333333333336
23	75.0
24	126.16666666666666
25	196.66666666666674
26	267.3333333333334
27	372.6666666666664
28	530.9999999999994
29	721.1666666666684
30	967.1666666666738
31	1200.0000000000014
32	1508.8333333333183
33	1934.4999999999527
34	2363.6666666666606
35	2933.1666666667516
36	3642.33333333353
37	4383.333333333521
38	5288.9999999998545
39	6265.333333332774
40	7308.3333333323
41	8604.83333333227
42	10103.833333333674
43	11525.000000001692
44	13167.333333336652
45	15301.500000005604
46	17697.16666667075
47	20605.99999999785
48	24040.66666665676
49	27693.499999981264
50	31727.83333330438
51	35845.83333331632
52	39302.50000000005
53	41691.833333345145
54	42785.33333335126
55	42617.66666668444
56	40805.83333334147
57	37020.16666665554
58	32272.16666663469
59	27222.499999981024
60	22667.499999992364
61	17807.3333333377
62	13378.166666670772
63	9745.833333333278
64	6809.833333332356
65	4669.833333333418
66	3162.6666666668316
67	2095.3333333332566
68	1456.1666666666433
69	1005.6666666666865
70	634.8333333333331
71	412.49999999999756
72	270.16666666666765
73	166.66666666666697
74	111.1666666666664
75	70.33333333333339
76	48.33333333333337
77	38.666666666666664
78	23.333333333333325
79	15.50000000000001
80	13.666666666666675
81	11.333333333333337
82	6.833333333333332
83	5.499999999999999
84	6.333333333333331
85	5.666666666666665
86	3.3333333333333335
87	1.6666666666666665
88	0.6666666666666666
89	1.6666666666666665
90	1.9999999999999998
91	1.3333333333333333
92	0.0
93	0.6666666666666666
94	0.6666666666666666
95	0.6666666666666666
96	1.3333333333333333
97	1.0
98	0.6666666666666666
99	1.3333333333333333
100	3.5
>>END_MODULE
>>Per base N content	pass
#Base	N-Count
1	0.0760838790713875
2	0.0761811730343944
3	0.0761811730343944
4	0.07666764284942883
5	0.07647305492341507
6	0.07754328851649084
7	0.07686223077544262
8	0.07734870059047706
9	0.0760838790713875
10-14	0.0760838790713875
15-19	0.0760838790713875
20-24	0.08476250057160203
25-29	0.08378956094153314
30-34	0.0760838790713875
35-39	0.015235295699165643
40-44	0.0018551426507059307
45-49	0.0
50-59	6.883096795711949E-5
60-69	0.0
70-79	0.0
80-89	0.0
90-99	0.0018784502562003073
100-109	0.0
110-119	0.0
120-129	0.0
130-139	4.69546294490045E-4
140-149	9.758469212788626E-5
150-159	1.2141978583978173E-4
160-169	3.4901542186563606E-4
170-179	1.9563638790782992E-4
180-189	0.0
190-199	2.422787283516385E-5
200-209	2.3721578583659454E-4
210-219	1.0325742320842241E-4
220-229	2.1415150630154191E-4
230-239	0.0
240-249	0.0
250-251	0.0
>>END_MODULE
>>Sequence Length Distribution	warn
#Length	Count
35-39	2668.0
40-44	2532.0
45-49	2926.0
50-54	2968.0
55-59	3302.0
60-64	3436.0
65-69	3711.0
70-74	3858.0
75-79	4110.0
80-84	4421.0
85-89	4665.0
90-94	4815.0
95-99	5035.0
100-104	5388.0
105-109	5463.0
110-114	5893.0
115-119	5987.0
120-124	6454.0
125-129	6708.0
130-134	7094.0
135-139	7212.0
140-144	7660.0
145-149	7905.0
150-154	8458.0
155-159	8747.0
160-164	9003.0
165-169	9542.0
170-174	9872.0
175-179	10208.0
180-184	10533.0
185-189	11270.0
190-194	11595.0
195-199	12056.0
200-204	12552.0
205-209	13051.0
210-214	13305.0
215-219	13470.0
220-224	14158.0
225-229	14426.0
230-234	14533.0
235-239	14760.0
240-244	15218.0
245-249	59866.0
250-252	626979.0
>>END_MODULE
>>Sequence Duplication Levels	warn
#Total Duplicate Percentage	32.95914934348006
#Duplication Level	Relative count
1	100.0
2	27.447501784691937
3	8.77997752348372
4	3.107130992854164
5	1.1634071006000806
6	0.44882351693867023
7	0.19578600660159315
8	0.0947123642043808
9	0.053010651606929554
10++	0.0713876774973318
>>END_MODULE
>>Overrepresented sequences	pass
>>END_MODULE
>>Kmer Content	warn
#Sequence	Count	Obs/Exp Overall	Obs/Exp Max	Max Obs/Exp Position
TTTTT	607555	3.685906	4.457069	240-247
AAAAA	602270	3.671042	4.7190924	240-247
CAGCG	656125	2.5361984	6.964194	9
ATAAA	366835	2.233886	9.815707	3
TTTAT	366215	2.2238355	8.368849	3
GTTTT	409710	2.215139	6.6621065	1
AAAAC	405085	2.2084408	5.6351066	5
CAGCA	506405	2.1985524	5.2734895	4
TGCTG	509060	2.1958787	6.030015	2
TTTTA	347050	2.1074564	7.8957696	2
TAAAA	341970	2.0824676	6.935843	4
GATAA	377325	2.045802	5.729067	2
TTATC	374840	2.037801	6.4603486	4
TTATT	308885	1.8756998	7.3427677	4
AATAA	303460	1.8479562	7.543862	2
ATATT	288175	1.7515831	8.423358	1
AATAT	284730	1.73227	6.1683073	5
TCCAG	391120	1.6964494	6.534479	2
CTGGA	391950	1.6923022	5.7277656	4
TTTAC	306675	1.667225	5.0227027	3
TACCG	381335	1.6540079	6.7676835	7
TTCAG	339000	1.6424087	5.225702	2
TTAAA	269935	1.6422586	6.2817926	4
CTGCG	423450	1.6352751	5.7161255	9
TTTAA	266705	1.6210843	6.182494	2
ATTAA	264120	1.6068807	7.957344	3
TTAAT	263515	1.6016948	6.5226316	3
ATTAT	259850	1.5794183	8.169963	3
ATAAT	259170	1.5767654	7.303133	3
AACAG	305440	1.4825977	5.858678	7
ACCGC	379570	1.4739136	5.2748528	8
AACTG	296985	1.4402041	5.0390544	7
CAATA	263750	1.4365612	5.7553215	4
CTTTA	264240	1.436529	6.215744	2
TATTG	265065	1.4344475	7.5769157	2
TAAAG	261535	1.4180053	6.6452746	4
CATTA	252720	1.3751922	6.8246365	2
ATTGA	253550	1.3734212	5.3076363	3
GAATA	253130	1.3724346	7.1032953	1
TATTC	252235	1.3712643	5.929443	5
GTTAT	252610	1.367045	5.6292176	1
TAATG	250380	1.3562502	6.115996	4
AATAC	239295	1.3033627	7.410798	5
GTATT	240475	1.3013742	10.005519	1
TAAAC	237255	1.2922515	5.510287	5
TCCTG	297570	1.2894728	5.177981	2
CAGGA	296905	1.283136	5.0265813	4
GTTTA	235815	1.2761558	6.8168163	1
ATACC	259770	1.2654996	6.735274	6
GGATA	261925	1.2643952	5.476888	1
ATTAC	231710	1.2608649	5.6842117	3
TATTA	196815	1.1962794	10.604279	2
GTTCA	246770	1.195567	5.507427	1
CATAA	218050	1.1876479	5.1217923	2
TAATA	194270	1.18192	8.044166	4
TTATG	216760	1.1730362	5.106724	4
ACCGT	268685	1.165398	5.3399014	8
TACTG	226860	1.0991058	5.7307296	7
TTATA	143125	0.8699413	6.389275	4
TATAA	140025	0.85189867	7.1696205	2
ATATA	117860	0.71704894	5.1068277	1
TATAC	109770	0.5973205	5.379727	5
GTATA	106530	0.5770482	6.8886003	1
>>END_MODULE
