##FastQC	0.10.1
>>Basic Statistics	pass
#Measure	Value	
Filename	SRR10740741_1.fastq	
File type	Conventional base calls	
Encoding	Sanger / Illumina 1.9	
Total Sequences	876854	
Filtered Sequences	0	
Sequence length	35-251	
%GC	52	
>>END_MODULE
>>Per base sequence quality	pass
#Base	Mean	Median	Lower Quartile	Upper Quartile	10th Percentile	90th Percentile
1	32.80423764959731	33.0	32.0	34.0	32.0	34.0
2	32.91097947890983	33.0	32.0	34.0	32.0	35.0
3	32.98581976018813	33.0	32.0	34.0	32.0	35.0
4	33.18519388632543	33.0	33.0	34.0	32.0	35.0
5	33.11578894548009	34.0	33.0	34.0	32.0	35.0
6	35.549584081272364	37.0	34.0	37.0	33.0	37.0
7	35.52554359106533	37.0	34.0	37.0	33.0	37.0
8	35.48701836337634	37.0	34.0	37.0	33.0	37.0
9	35.51043275163254	37.0	34.0	37.0	33.0	37.0
10-14	36.06038245819715	37.4	35.6	37.4	34.6	37.4
15-19	37.271593218483346	38.0	38.0	38.0	36.8	38.0
20-24	37.49368355507303	38.4	38.0	38.4	37.0	38.4
25-29	37.72142135406806	38.0	38.0	39.0	36.8	39.0
30-34	37.6674166965082	38.0	38.0	39.0	36.4	39.0
35-39	37.665077754841036	38.0	38.0	39.0	36.2	39.0
40-44	37.692113707120754	38.0	38.0	39.0	36.6	39.0
45-49	37.687970607453096	38.0	38.0	39.0	36.6	39.0
50-59	37.600215410804125	38.0	38.0	39.0	36.0	39.0
60-69	37.563950891320395	38.0	38.0	39.0	36.0	39.0
70-79	37.3663068969265	38.0	38.0	39.0	36.0	39.0
80-89	37.36680026109044	38.0	38.0	39.0	36.0	39.0
90-99	37.25866829286755	38.0	38.0	39.0	35.3	39.0
100-109	37.15007808572329	38.0	38.0	39.0	34.8	39.0
110-119	37.05542581118756	38.0	38.0	39.0	34.2	39.0
120-129	36.89647258964045	38.0	38.0	39.0	34.0	39.0
130-139	36.68650971068597	38.0	37.5	39.0	33.8	39.0
140-149	36.46436920659352	38.0	37.0	39.0	33.3	39.0
150-159	36.18668359519132	38.0	37.0	38.4	32.8	39.0
160-169	35.86587150152847	37.5	37.0	38.0	32.0	39.0
170-179	35.57470009878375	37.0	37.0	38.0	31.7	39.0
180-189	35.359252640135644	37.0	37.0	37.8	31.3	38.1
190-199	35.101055274764505	37.0	37.0	37.0	30.7	38.0
200-209	34.77254499324966	37.0	37.0	37.0	28.2	37.9
210-219	34.55722753464458	37.0	36.8	37.0	26.8	37.0
220-229	34.34738685950034	37.0	36.6	37.0	25.6	37.0
230-239	34.17467026220184	37.0	36.0	37.0	25.3	37.0
240-249	33.85769984678815	37.0	34.7	37.0	24.1	37.0
250-251	31.843251383379894	36.0	29.5	37.0	18.5	37.0
>>END_MODULE
>>Per sequence quality scores	pass
#Quality	Count
2	689.0
3	0.0
4	0.0
5	0.0
6	0.0
7	0.0
8	0.0
9	0.0
10	0.0
11	0.0
12	0.0
13	0.0
14	0.0
15	1.0
16	7.0
17	21.0
18	102.0
19	388.0
20	802.0
21	1477.0
22	2127.0
23	2912.0
24	3983.0
25	5012.0
26	6324.0
27	7519.0
28	9222.0
29	11045.0
30	12934.0
31	15704.0
32	18910.0
33	23298.0
34	30267.0
35	43012.0
36	78340.0
37	416348.0
38	186410.0
>>END_MODULE
>>Per base sequence content	fail
#Base	G	A	T	C
1	42.19616168187499	20.93806531874704	13.290304908322062	23.57546809105591
2	18.072509173500425	19.183030593552584	36.9432698178996	25.801190415047394
3	20.60262621766448	25.399782004531108	28.580689710271468	25.41690206753294
4	14.58869048638099	17.897770397128397	37.18272243241855	30.330816684072065
5	15.917093241569797	34.92641226253046	34.07234938624574	15.084145109654004
6	30.204128217858507	36.498034046098624	18.6828964863924	14.614941249650466
7	25.70988341237096	29.37951184993694	23.645317948103383	21.265286789588718
8	25.867387991987812	32.782523839687734	19.556932769512592	21.793155398811866
9	24.792133901719424	15.362403200310442	20.47068759879703	39.3747752991731
10-14	27.185240578138075	20.8855552679383	24.872409789760916	27.056794364162705
15-19	26.317788616935996	24.950488766496896	23.257382629386615	25.474339987180493
20-24	26.092939115349278	24.018672282047334	23.917298682325818	25.971089920277574
25-29	26.31716628717194	23.820513259488795	23.745641517294118	26.11667893604515
30-34	26.354351064011915	23.805904139060566	23.679147192595	26.16059760433252
35-39	26.412372923551995	23.826694105205938	23.61334499699653	26.147587974245535
40-44	26.415721814537225	23.783059906424963	23.55930744768848	26.24191083134933
45-49	26.34714051644603	23.826861333363315	23.619119163102383	26.206878987088277
50-59	26.4185483308841	23.703605986224012	23.587298716126732	26.290546966765156
60-69	26.460625345617256	23.71514447424607	23.576172854952475	26.2480573251842
70-79	26.43204297153932	23.66946004878733	23.554097389400024	26.344399590273326
80-89	26.51533899138571	23.62175815801361	23.509920241131734	26.352982609468945
90-99	26.48283409694408	23.615988215995067	23.493028098307214	26.408149588753638
100-109	26.5296343852753	23.5628617438485	23.438676514177313	26.46882735669888
110-119	26.548175619698096	23.55716965317132	23.454802295595893	26.43985243153469
120-129	26.53778084920465	23.53635043557671	23.46181278328741	26.464055931931224
130-139	26.538055216569568	23.56553956741057	23.40748630979688	26.488918906222985
140-149	26.56315547831316	23.50417626976783	23.397280929942475	26.535387321976533
150-159	26.553474610966404	23.519583310656916	23.39889521788945	26.528046860487226
160-169	26.59966521694235	23.50257245951078	23.374889107892695	26.522873215654176
170-179	26.594827586206897	23.48489221440594	23.353990440637006	26.566289758750163
180-189	26.552252930122222	23.552923498133016	23.374294358198373	26.520529213546386
190-199	26.574286298092204	23.502647574610073	23.393641924829897	26.529424202467826
200-209	26.556931905867025	23.521800743463885	23.329949506655673	26.591317844013414
210-219	26.579331279669212	23.513290105971013	23.34604017763871	26.561338436721073
220-229	26.571207219191677	23.436984795966783	23.344609772293516	26.647198212548023
230-239	26.601796913951308	23.497293980499308	23.277880776070685	26.623028329478704
240-249	26.680943587196982	23.571730317937366	23.314659535103466	26.43266655976219
250-251	32.540873751413045	29.375759530327088	24.303296570856578	13.780070147403285
>>END_MODULE
>>Per base GC content	fail
#Base	%GC
1	65.7716297729309
2	43.87369958854782
3	46.019528285197424
4	44.91950717045305
5	31.001238351223797
6	44.819069467508974
7	46.97517020195968
8	47.660543390799674
9	64.16690920089253
10-14	54.24203494230079
15-19	51.792128604116485
20-24	52.064029035626845
25-29	52.43384522321709
30-34	52.51494866834443
35-39	52.55996089779753
40-44	52.65763264588655
45-49	52.5540195035343
50-59	52.709095297649256
60-69	52.70868267080145
70-79	52.776442561812644
80-89	52.86832160085465
90-99	52.89098368569773
100-109	52.99846174197419
110-119	52.98802805123278
120-129	53.00183678113588
130-139	53.026974122792545
140-149	53.09854280028969
150-159	53.08152147145363
160-169	53.12253843259652
170-179	53.161117344957056
180-189	53.072782143668604
190-199	53.103710500560034
200-209	53.148249749880435
210-219	53.14066971639028
220-229	53.218405431739704
230-239	53.224825243430004
240-249	53.11361014695917
250-251	46.32094389881633
>>END_MODULE
>>Per sequence GC content	warn
#GC Content	Count
0	689.0
1	344.5
2	0.0
3	0.0
4	0.0
5	0.0
6	0.0
7	0.0
8	0.0
9	0.0
10	0.0
11	0.5
12	1.0
13	1.0
14	3.5
15	5.0
16	3.5
17	5.0
18	8.0
19	12.5
20	21.5
21	31.666666666666664
22	49.16666666666667
23	79.5
24	125.99999999999999
25	169.00000000000006
26	236.6666666666667
27	346.1666666666666
28	481.99999999999926
29	655.8333333333337
30	819.0000000000033
31	1010.1666666666755
32	1270.9999999999982
33	1657.1666666666395
34	1981.9999999999488
35	2441.166666666666
36	3078.333333333434
37	3738.8333333335668
38	4439.50000000018
39	5304.833333333162
40	6275.666666666053
41	7403.666666665549
42	8565.333333332155
43	9642.833333333258
44	11298.666666668216
45	13181.666666669988
46	14968.666666671978
47	17509.33333333803
48	20457.499999998163
49	23632.333333324063
50	27261.83333331523
51	30937.66666663892
52	33785.166666638994
53	36017.666666650344
54	37007.333333322
55	36827.66666665422
56	35134.66666664539
57	31685.833333302337
58	27648.833333313007
59	23031.99999999161
60	18955.500000001357
61	14989.50000000601
62	11160.000000001564
63	7984.833333331713
64	5492.333333333062
65	3766.8333333336163
66	2506.5000000000095
67	1632.1666666666324
68	1136.6666666666733
69	742.6666666666728
70	461.99999999999665
71	300.6666666666666
72	184.33333333333366
73	118.49999999999979
74	77.16666666666664
75	42.16666666666668
76	30.333333333333307
77	21.999999999999996
78	12.5
79	10.000000000000002
80	6.166666666666666
81	4.5
82	5.166666666666666
83	3.166666666666667
84	1.4999999999999998
85	0.3333333333333333
86	0.0
87	0.3333333333333333
88	0.3333333333333333
89	0.0
90	0.0
91	0.3333333333333333
92	0.3333333333333333
93	0.0
94	0.0
95	0.0
96	0.0
97	0.0
98	0.0
99	0.0
100	0.0
>>END_MODULE
>>Per base N content	pass
#Base	N-Count
1	0.07857636505051012
2	0.07857636505051012
3	0.07857636505051012
4	0.07857636505051012
5	0.07857636505051012
6	0.07857636505051012
7	0.07857636505051012
8	0.07857636505051012
9	0.07857636505051012
10-14	0.07864479149322465
15-19	0.0785991738647483
20-24	0.07857636505051012
25-29	0.07857636505051012
30-34	0.07857636505051012
35-39	0.015734333205677423
40-44	0.0
45-49	0.0
50-59	0.0
60-69	0.0
70-79	0.0
80-89	8.833880641316177E-4
90-99	0.0
100-109	2.1626637962511187E-4
110-119	8.629802500284724E-4
120-129	4.063658565989075E-4
130-139	0.0
140-149	3.0472506688715217E-4
150-159	1.4219870743960368E-4
160-169	8.308184590453975E-4
170-179	7.147892457395526E-4
180-189	4.148697046376625E-5
190-199	1.1375478818787343E-4
200-209	6.894743814057855E-4
210-219	5.76982351931904E-4
220-229	3.784554758959342E-4
230-239	1.9719542099086099E-4
240-249	0.0028277158917977964
250-251	1.115929446476676E-4
>>END_MODULE
>>Sequence Length Distribution	warn
#Length	Count
35-39	2223.0
40-44	2050.0
45-49	2348.0
50-54	2511.0
55-59	2698.0
60-64	2866.0
65-69	3077.0
70-74	3352.0
75-79	3372.0
80-84	3709.0
85-89	3905.0
90-94	4155.0
95-99	4176.0
100-104	4545.0
105-109	4605.0
110-114	5005.0
115-119	5281.0
120-124	5394.0
125-129	5754.0
130-134	5976.0
135-139	6250.0
140-144	6700.0
145-149	6807.0
150-154	7212.0
155-159	7460.0
160-164	7846.0
165-169	8350.0
170-174	8549.0
175-179	9112.0
180-184	9362.0
185-189	9692.0
190-194	10220.0
195-199	10571.0
200-204	11160.0
205-209	11371.0
210-214	11656.0
215-219	12305.0
220-224	12245.0
225-229	12687.0
230-234	13056.0
235-239	13231.0
240-244	13601.0
245-249	55694.0
250-252	524715.0
>>END_MODULE
>>Sequence Duplication Levels	warn
#Total Duplicate Percentage	31.065224485549027
#Duplication Level	Relative count
1	100.0
2	25.889334842715517
3	7.493396452951871
4	2.4287331480909744
5	0.8555452643134026
6	0.29707385681451753
7	0.13447223079825735
8	0.05420054200542006
9	0.026757229597612432
10++	0.03704847175054029
>>END_MODULE
>>Overrepresented sequences	pass
>>END_MODULE
>>Kmer Content	warn
#Sequence	Count	Obs/Exp Overall	Obs/Exp Max	Max Obs/Exp Position
TTTTT	494155	3.5411723	4.1022906	2
AAAAA	506105	3.5264745	4.4289575	15-19
CAGCG	584530	2.6539142	7.433818	9
CAGCA	444325	2.2528424	5.588152	4
TGCTG	431885	2.1997921	5.462915	2
TTTAT	307495	2.191216	7.939861	3
GTTTT	341890	2.181642	6.137178	1
ATAAA	310900	2.1785002	9.19052	3
AAAAC	343650	2.1585221	5.4348707	5
TTTTA	290150	2.0676153	7.494416	2
GATAA	323765	2.0314996	5.5255365	2
TTATC	317500	2.0281222	6.108561	4
TAAAA	288645	2.0225575	6.8852057	4
TTATT	259465	1.8489532	7.275601	4
AATAA	261860	1.8348732	7.622907	2
ATATT	248805	1.7630696	7.8410378	1
TCCAG	340960	1.7384825	6.4136066	2
AATAT	245370	1.7290004	5.957994	5
CTGGA	337655	1.7102121	5.698968	4
TTCAG	294275	1.6738515	5.395749	2
TACCG	327980	1.6723002	6.8609376	7
CTGCG	359795	1.6427517	5.7882423	9
TTTAC	256675	1.6395851	5.366007	3
ATTAA	227905	1.6059333	7.4262414	3
TTTAA	225855	1.6004425	6.512181	2
TTAAA	226775	1.5979707	5.733893	4
TTAAT	223865	1.5863411	6.4266987	3
ATTAT	221860	1.5721334	7.91875	3
ATAAT	222865	1.5704188	7.233051	3
CGTTA	261160	1.4854919	5.052667	2
AACAG	263585	1.482555	5.933859	7
TATTG	228500	1.4499284	6.8265514	2
CAATA	229355	1.4487221	5.520867	4
AACTG	254900	1.4417723	5.613678	7
CTTTA	221890	1.4173858	6.3817654	2
TAAAG	223285	1.4010266	6.3306265	4
CATTA	217285	1.3802043	6.924239	2
GAATA	219645	1.378187	6.7366123	1
TATTC	215060	1.3737574	5.737284	5
TAATG	216435	1.3656867	5.930297	4
GTTAT	214930	1.3638211	5.4904685	1
AATAC	209150	1.3210973	7.6474743	5
TCCTG	253980	1.3022764	5.3700585	2
GTATT	204675	1.2987487	9.408255	1
CAGGA	256650	1.2926512	5.0705466	4
ATACC	225430	1.2835968	6.787635	6
GTTTA	200800	1.2741603	6.645624	1
TATCC	222305	1.2729253	5.1366386	5
TAAAC	201360	1.2718916	5.520867	5
GGATA	225120	1.2648846	5.5641212	1
ATTAC	198510	1.2609447	5.3220515	3
ACAGC	244605	1.2402105	5.2322893	8
GTTCA	211190	1.2012599	5.308419	1
TTATG	187045	1.186879	5.2260346	4
TAATA	166160	1.1708468	7.959447	4
TATTA	165215	1.1707383	9.721644	2
ACCGT	229395	1.1696362	5.625186	8
CATAA	183980	1.1621107	5.084462	2
TACTG	194125	1.1041931	5.9821076	7
TTATA	118090	0.83680356	6.0148306	4
TATAA	116090	0.8180285	6.5066547	2
ATATA	99270	0.6995063	5.231598	1
TATAC	93480	0.5937893	5.3568816	5
GTATA	89495	0.56470597	6.7745166	1
>>END_MODULE
