##FastQC	0.10.1
>>Basic Statistics	pass
#Measure	Value	
Filename	SRR10740743_2.fastq.gz	
File type	Conventional base calls	
Encoding	Sanger / Illumina 1.9	
Total Sequences	955320	
Filtered Sequences	0	
Sequence length	35-251	
%GC	52	
>>END_MODULE
>>Per base sequence quality	pass
#Base	Mean	Median	Lower Quartile	Upper Quartile	10th Percentile	90th Percentile
1	31.738556713980657	33.0	32.0	33.0	30.0	34.0
2	31.77250868818825	33.0	32.0	33.0	29.0	34.0
3	32.12681091152703	33.0	32.0	34.0	32.0	34.0
4	32.38105660930369	33.0	32.0	34.0	32.0	34.0
5	32.3383170037265	33.0	32.0	34.0	32.0	34.0
6	34.890838671858646	37.0	34.0	37.0	32.0	37.0
7	35.00330360507474	37.0	34.0	37.0	32.0	37.0
8	34.94931645940627	37.0	34.0	37.0	32.0	37.0
9	35.062451325210404	37.0	34.0	37.0	33.0	37.0
10-14	35.70765188627894	37.4	35.2	37.4	34.2	37.4
15-19	36.953319306619775	38.0	38.0	38.0	36.0	38.0
20-24	37.08187916090943	38.0	38.0	38.4	36.0	38.4
25-29	37.274746263032284	38.0	38.0	39.0	36.0	39.0
30-34	37.265857304358754	38.0	38.0	39.0	36.0	39.0
35-39	37.256683275472426	38.0	38.0	39.0	36.0	39.0
40-44	37.15353628100714	38.0	38.0	39.0	35.6	39.0
45-49	36.98947345615203	38.0	38.0	39.0	35.0	39.0
50-59	36.89570957230018	38.0	38.0	39.0	34.7	39.0
60-69	36.871530002172086	38.0	38.0	39.0	34.1	39.0
70-79	36.81458984616561	38.0	38.0	39.0	34.0	39.0
80-89	36.62823437679573	38.0	37.7	39.0	33.6	39.0
90-99	36.382732780186984	38.0	37.0	39.0	32.6	39.0
100-109	36.31056687960875	38.0	37.0	39.0	32.2	39.0
110-119	36.1802643384073	38.0	37.0	39.0	31.6	39.0
120-129	35.92370330271607	38.0	37.0	39.0	30.3	39.0
130-139	35.626542577113824	38.0	37.0	39.0	29.1	39.0
140-149	35.349185759204985	38.0	37.0	38.9	26.8	39.0
150-159	34.98564366766154	37.9	36.2	38.0	26.0	39.0
160-169	34.56354036758671	37.0	35.3	38.0	24.5	39.0
170-179	34.146685817001924	37.0	34.7	38.0	24.0	38.3
180-189	33.72718464683519	37.0	33.2	37.2	24.0	38.0
190-199	33.31705364492696	37.0	33.0	37.0	15.8	38.0
200-209	32.91076606184868	37.0	33.0	37.0	14.0	37.4
210-219	32.42145235353363	37.0	32.0	37.0	14.0	37.0
220-229	31.874032334532608	37.0	31.1	37.0	14.0	37.0
230-239	31.29052946236368	37.0	27.8	37.0	13.8	37.0
240-249	30.610465134938647	36.5	25.8	37.0	13.0	37.0
250-251	27.007769840642688	29.5	19.0	35.5	12.5	37.0
>>END_MODULE
>>Per sequence quality scores	pass
#Quality	Count
2	587.0
3	0.0
4	0.0
5	0.0
6	0.0
7	0.0
8	0.0
9	0.0
10	0.0
11	0.0
12	0.0
13	0.0
14	3.0
15	39.0
16	229.0
17	653.0
18	1596.0
19	2711.0
20	3774.0
21	4930.0
22	5989.0
23	7186.0
24	8762.0
25	9873.0
26	11475.0
27	13060.0
28	15222.0
29	17544.0
30	20603.0
31	24095.0
32	29398.0
33	36703.0
34	48705.0
35	71906.0
36	134064.0
37	376268.0
38	109945.0
>>END_MODULE
>>Per base sequence content	fail
#Base	G	A	T	C
1	42.53555706150306	20.485308457966784	13.180543670324582	23.798590810205575
2	17.81932749784495	18.783576141182927	37.57909279348258	25.81800356748955
3	20.60808687673609	25.042315539858308	28.7034476690841	25.646149914321505
4	14.416941440667669	17.37591178183433	37.32858920483826	30.878557572659744
5	16.001097701739354	34.584308311738916	34.11715661731897	15.297437369202763
6	30.666895707269347	35.97470218611574	18.581512443084634	14.776889663530277
7	25.93295150788929	28.998588055874443	23.46142082638534	21.60703960985093
8	26.003370667649868	32.72459508519368	19.326872014136274	21.94516223302018
9	24.754041182194396	15.354973589474755	20.4204735774295	39.47051165090135
10-14	27.24837205794709	20.70046808898404	24.819567355480537	27.23159249758833
15-19	26.371708111063512	24.76543703841807	23.242749543589674	25.620105306928743
20-24	26.057323866647952	23.89291946962539	23.97330528803347	26.07645137569319
25-29	26.293993820606527	23.733576296738264	23.739547028838007	26.232882853817202
30-34	26.308255816023955	23.701474653122915	23.696153793783186	26.294115737069944
35-39	26.331306627767333	23.757055219867162	23.71264375043227	26.198994401933227
40-44	26.378188755290754	23.6820385358081	23.627154750229433	26.312617958671712
45-49	26.35752906199394	23.68687420169328	23.681719593968396	26.273877142344386
50-59	26.389947949474525	23.629954529434656	23.626913726290972	26.353183794799843
60-69	26.378374946018173	23.625325603202796	23.63864120929489	26.357658241484145
70-79	26.446792323910017	23.572774921942134	23.580214858086958	26.400217896060884
80-89	26.46927982076305	23.5730304401215	23.546338783687716	26.411350955427736
90-99	26.46596474603825	23.539490370415447	23.529905882941023	26.464639000605278
100-109	26.506371728192697	23.495893760536855	23.46970624674782	26.528028264522636
110-119	26.529972008426974	23.48182699074289	23.467887759580755	26.520313241249386
120-129	26.558018718220705	23.44772719825073	23.475592648638553	26.518661434890014
130-139	26.57343588044886	23.45958646873126	23.439531903934654	26.52744574688523
140-149	26.57829224051089	23.44378250366055	23.421309340093913	26.556615915734643
150-159	26.585447813829326	23.427900865297442	23.39628217263642	26.59036914823682
160-169	26.582775740191877	23.40681090716101	23.40701438646561	26.6033989661815
170-179	26.653351491649612	23.361213381689772	23.339112424075324	26.646322702585284
180-189	26.64743724197588	23.369870742023185	23.340498479951023	26.642193536049913
190-199	26.69513987227785	23.36492340550948	23.320996914225013	26.61893980798766
200-209	26.693155601466888	23.34394239502973	23.28172672099067	26.681175282512715
210-219	26.729730563787196	23.3719986137522	23.24496686359797	26.653303958862633
220-229	26.786321560514764	23.29472183823234	23.232365527937834	26.686591073315064
230-239	26.840625081741393	23.262313963942386	23.115627660728187	26.781433293588037
240-249	26.992417979232986	23.32621003283765	23.090801570270624	26.59057041765874
250-251	33.60278073680417	28.663824681316157	23.416084871477054	14.317309710402618
>>END_MODULE
>>Per base GC content	fail
#Base	%GC
1	66.33414787170864
2	43.63733106533449
3	46.25423679105759
4	45.295499013327415
5	31.29853507094212
6	45.44378537079963
7	47.53999111774022
8	47.948532900670045
9	64.22455283309574
10-14	54.47996455553542
15-19	51.99181341799226
20-24	52.13377524234114
25-29	52.526876674423725
30-34	52.602371553093896
35-39	52.53030102970057
40-44	52.690806713962466
45-49	52.631406204338326
50-59	52.743131744274365
60-69	52.736033187502315
70-79	52.847010219970905
80-89	52.880630776190785
90-99	52.93060374664352
100-109	53.03439999271533
110-119	53.05028524967636
120-129	53.07668015311072
130-139	53.10088162733408
140-149	53.13490815624553
150-159	53.17581696206615
160-169	53.18617470637338
170-179	53.2996741942349
180-189	53.289630778025796
190-199	53.3140796802655
200-209	53.3743308839796
210-219	53.38303452264983
220-229	53.47291263382983
230-239	53.62205837532943
240-249	53.58298839689173
250-251	47.92009044720679
>>END_MODULE
>>Per sequence GC content	warn
#GC Content	Count
0	587.0
1	293.5
2	0.0
3	0.0
4	0.0
5	0.0
6	0.0
7	0.0
8	0.0
9	0.0
10	0.0
11	0.5
12	1.0
13	0.5
14	0.5
15	2.5
16	4.5
17	5.833333333333333
18	6.333333333333333
19	10.0
20	19.0
21	26.166666666666668
22	36.666666666666664
23	60.666666666666686
24	98.83333333333331
25	138.83333333333334
26	204.00000000000014
27	307.6666666666666
28	445.8333333333322
29	636.1666666666673
30	800.5000000000035
31	1032.6666666666758
32	1363.1666666666572
33	1696.333333333302
34	2078.1666666666074
35	2558.666666666692
36	3136.0000000001305
37	3843.666666666938
38	4715.333333333397
39	5613.999999999671
40	6568.999999999262
41	7769.833333331971
42	9160.499999999354
43	10464.500000000695
44	12134.833333335779
45	14074.666666671223
46	16205.166666673627
47	18943.33333333471
48	22053.999999994176
49	25492.33333331926
50	29080.6666666433
51	32878.9999999674
52	36168.16666665099
53	38338.99999999557
54	39473.00000000143
55	39239.83333333386
56	37535.83333332453
57	34188.6666666401
58	29780.333333307164
59	25176.499999985757
60	20596.999999997348
61	16115.5000000076
62	12304.500000002929
63	8937.999999999092
64	6138.66666666601
65	4210.000000000344
66	2863.1666666667647
67	1899.666666666589
68	1306.3333333333205
69	895.6666666666831
70	598.3333333333328
71	370.83333333333144
72	241.3333333333347
73	154.3333333333334
74	103.8333333333331
75	74.33333333333331
76	50.33333333333339
77	30.833333333333293
78	26.33333333333331
79	19.666666666666664
80	15.333333333333343
81	10.666666666666668
82	8.333333333333332
83	5.833333333333333
84	7.166666666666665
85	3.8333333333333335
86	4.0
87	1.3333333333333333
88	1.9999999999999998
89	2.6666666666666665
90	1.6666666666666665
91	1.9999999999999998
92	1.3333333333333333
93	1.0
94	1.3333333333333333
95	1.6666666666666665
96	0.3333333333333333
97	0.3333333333333333
98	1.6666666666666665
99	1.9999999999999998
100	2.0
>>END_MODULE
>>Per base N content	pass
#Base	N-Count
1	0.061445379558681915
2	0.061445379558681915
3	0.061550056525562113
4	0.06238747226060378
5	0.06259682619436419
6	0.06416698069756731
7	0.06364359586316627
8	0.06416698069756731
9	0.061445379558681915
10-14	0.061445379558681915
15-19	0.061445379558681915
20-24	0.07055227567725998
25-29	0.06942176443495372
30-34	0.061445379558681915
35-39	0.012301239114084457
40-44	0.002099565159059907
45-49	0.0
50-59	2.5339961985833693E-4
60-69	0.0
70-79	0.0
80-89	0.0
90-99	0.00216243964049604
100-109	1.0970888527873517E-5
110-119	0.0
120-129	0.0
130-139	7.621359052121337E-4
140-149	3.926436593649959E-4
150-159	3.875976276206298E-4
160-169	7.420954861443592E-4
170-179	3.911658612928301E-4
180-189	7.508881129155509E-5
190-199	2.1841144219002438E-4
200-209	5.553759399241912E-4
210-219	1.6385880941827664E-4
220-229	3.1121473618751197E-4
230-239	1.4695079308608274E-5
240-249	0.0
250-251	1.9800137412953644E-4
>>END_MODULE
>>Sequence Length Distribution	warn
#Length	Count
35-39	2003.0
40-44	1837.0
45-49	2202.0
50-54	2371.0
55-59	2560.0
60-64	2894.0
65-69	2987.0
70-74	3289.0
75-79	3443.0
80-84	3712.0
85-89	3951.0
90-94	4235.0
95-99	4194.0
100-104	4567.0
105-109	4770.0
110-114	5033.0
115-119	5120.0
120-124	5636.0
125-129	5834.0
130-134	6181.0
135-139	6434.0
140-144	6741.0
145-149	7153.0
150-154	7457.0
155-159	7855.0
160-164	8170.0
165-169	8506.0
170-174	8943.0
175-179	9335.0
180-184	9789.0
185-189	10279.0
190-194	10421.0
195-199	11034.0
200-204	11151.0
205-209	11877.0
210-214	12206.0
215-219	12551.0
220-224	13022.0
225-229	13017.0
230-234	13334.0
235-239	13894.0
240-244	14009.0
245-249	56690.0
250-252	594633.0
>>END_MODULE
>>Sequence Duplication Levels	warn
#Total Duplicate Percentage	31.784637377930732
#Duplication Level	Relative count
1	100.0
2	26.184016043634244
3	8.077331427342184
4	2.729915965220288
5	1.0436689404400896
6	0.4052544290006731
7	0.1693186312948018
8	0.08049574274670904
9	0.04232965782370045
10++	0.05343251889221204
>>END_MODULE
>>Overrepresented sequences	pass
>>END_MODULE
>>Kmer Content	warn
#Sequence	Count	Obs/Exp Overall	Obs/Exp Max	Max Obs/Exp Position
TTTTT	566265	3.6848125	4.4823008	240-247
AAAAA	563955	3.674839	4.7241945	240-247
CAGCG	618910	2.5477135	6.9935565	9
AAAAC	384390	2.2386496	5.5207057	5
ATAAA	342865	2.2335587	9.194329	3
TTTAT	341425	2.2223406	8.308378	3
TGCTG	481090	2.2145727	5.891042	2
GTTTT	380955	2.205126	6.600989	1
CAGCA	473620	2.1923442	5.6218696	4
TAAAA	321205	2.0924568	7.0615497	4
TTTTA	320225	2.0843494	7.5740156	2
GATAA	355275	2.0581799	5.1519294	2
TTATC	350575	2.0400276	6.0761266	4
TTATT	287035	1.8683152	7.026917	4
AATAA	284680	1.8545185	7.1119146	2
ATATT	268425	1.747664	7.8568835	1
AATAT	266055	1.7327106	6.108719	5
TCCAG	367670	1.7014424	7.340123	2
CTGGA	367305	1.691259	5.872355	4
TATTT	254830	1.6586924	5.1117406	2
TACCG	358020	1.6567857	7.063754	7
TTCAG	319980	1.6563115	5.3705306	2
CTGCG	398495	1.6399337	5.6989064	9
GTAAA	282475	1.6364347	5.171153	3
TTAAA	250585	1.6319605	5.741331	4
TTTAA	249550	1.6247723	6.193392	2
ATTAA	247850	1.6141485	7.527764	3
TTAAT	244545	1.5921857	6.164585	3
ATAAT	241945	1.5756917	7.073938	3
ATTAT	240565	1.5662727	7.367255	3
AACAG	285370	1.477974	5.900559	7
ACCGC	353425	1.4621642	5.3448944	8
CAATA	250030	1.4557492	5.7767897	4
AACTG	278500	1.441996	5.102864	7
CTTTA	247220	1.4385955	6.5137453	2
TATTG	248115	1.4365885	7.5699325	2
TAAAG	243725	1.4119481	6.299004	4
ATTGA	238870	1.383441	5.0223875	3
TATTC	237500	1.382034	5.8251	5
GAATA	236340	1.3691653	6.6064463	1
GTTAT	236195	1.3675716	5.328357	1
CATTA	234595	1.3655058	6.4897876	2
TAATG	234310	1.3570312	5.7591505	4
GTATT	228235	1.3214831	10.38133	1
AATAC	225670	1.313918	7.103455	5
TCCTG	279695	1.2939696	5.761996	2
TAAAC	221775	1.2912401	5.3388615	5
CAGGA	279330	1.2865319	5.191309	4
ATACC	246370	1.2820426	6.935877	6
GTTTA	221230	1.2809241	6.5003395	1
GGATA	246630	1.2706004	5.44768	1
ATTAC	218100	1.2694933	5.4789767	3
ACAGC	269375	1.2469124	5.5603986	8
GTTCA	230530	1.1932918	5.5136104	1
TATTA	182700	1.1895248	10.14708	2
CATAA	203895	1.1871374	5.319485	2
TAATA	180985	1.1786834	7.6647134	4
TTATG	203530	1.1784409	5.4181304	4
ACCGT	249395	1.1541089	5.497443	8
TACTG	215585	1.1159321	5.6339335	7
TTATA	131675	0.8573107	5.9774055	4
TATAA	128880	0.8393442	6.929865	2
ATATA	108745	0.70821303	5.517902	1
TATAC	102160	0.5946421	5.5305414	5
GTATA	98585	0.5709655	7.0210195	1
>>END_MODULE
