##FastQC	0.10.1
>>Basic Statistics	pass
#Measure	Value	
Filename	SRR10740745_2.fastq.gz	
File type	Conventional base calls	
Encoding	Sanger / Illumina 1.9	
Total Sequences	1051202	
Filtered Sequences	0	
Sequence length	35-251	
%GC	52	
>>END_MODULE
>>Per base sequence quality	pass
#Base	Mean	Median	Lower Quartile	Upper Quartile	10th Percentile	90th Percentile
1	31.891211203936066	33.0	32.0	33.0	31.0	34.0
2	32.02000281582417	33.0	32.0	34.0	29.0	34.0
3	32.33993942172865	33.0	32.0	34.0	32.0	34.0
4	32.434898335429345	33.0	32.0	34.0	32.0	34.0
5	32.46269603748851	33.0	32.0	34.0	32.0	34.0
6	35.06069528026012	37.0	34.0	37.0	33.0	37.0
7	34.879738623023925	37.0	34.0	37.0	32.0	37.0
8	34.93798432651384	37.0	34.0	37.0	32.0	37.0
9	35.035558341783975	37.0	34.0	37.0	33.0	37.0
10-14	35.713917971997766	37.4	35.6	37.4	34.2	37.4
15-19	36.931072429466454	38.0	38.0	38.0	36.0	38.0
20-24	37.05884463690138	38.0	38.0	38.4	36.0	38.4
25-29	37.260018150650396	38.0	38.0	39.0	36.0	39.0
30-34	37.249016649511695	38.0	38.0	39.0	36.0	39.0
35-39	37.24915337900053	38.0	38.0	39.0	36.0	39.0
40-44	37.15883554599709	38.0	38.0	39.0	35.6	39.0
45-49	37.05256190276026	38.0	38.0	39.0	35.8	39.0
50-59	36.969828857133045	38.0	38.0	39.0	35.0	39.0
60-69	36.953089991571744	38.0	38.0	39.0	35.0	39.0
70-79	36.89402457321879	38.0	38.0	39.0	34.3	39.0
80-89	36.71093286647637	38.0	38.0	39.0	33.9	39.0
90-99	36.47903721098363	38.0	37.7	39.0	32.9	39.0
100-109	36.41771253123948	38.0	37.9	39.0	32.9	39.0
110-119	36.300755281045646	38.0	37.3	39.0	32.0	39.0
120-129	36.05809101630989	38.0	37.0	39.0	31.0	39.0
130-139	35.774091956795246	38.0	37.0	39.0	29.4	39.0
140-149	35.50602027684013	38.0	37.0	39.0	27.6	39.0
150-159	35.154571519583705	38.0	37.0	38.0	26.2	39.0
160-169	34.750492429205096	37.1	36.3	38.0	25.1	39.0
170-179	34.352702053199984	37.0	35.3	38.0	24.2	38.5
180-189	33.95914444313628	37.0	34.4	37.4	24.0	38.0
190-199	33.569648552006484	37.0	33.3	37.0	21.4	38.0
200-209	33.191783971025245	37.0	33.0	37.0	14.6	37.5
210-219	32.750838120839234	37.0	32.8	37.0	14.0	37.0
220-229	32.247305983055966	37.0	32.0	37.0	14.0	37.0
230-239	31.722950999959778	37.0	30.7	37.0	14.0	37.0
240-249	31.101877036344707	37.0	26.8	37.0	13.6	37.0
250-251	27.502366572150187	31.0	20.0	36.0	12.5	37.0
>>END_MODULE
>>Per sequence quality scores	pass
#Quality	Count
2	782.0
3	0.0
4	0.0
5	0.0
6	0.0
7	0.0
8	0.0
9	0.0
10	0.0
11	0.0
12	0.0
13	0.0
14	6.0
15	57.0
16	211.0
17	714.0
18	1866.0
19	3195.0
20	4297.0
21	5540.0
22	6792.0
23	8054.0
24	9224.0
25	10884.0
26	12363.0
27	13982.0
28	16047.0
29	18318.0
30	21386.0
31	25112.0
32	29756.0
33	36921.0
34	48367.0
35	69888.0
36	130285.0
37	429920.0
38	147235.0
>>END_MODULE
>>Per base sequence content	fail
#Base	G	A	T	C
1	42.29479636716742	20.711524913843988	13.48812855810057	23.505550160888024
2	17.70320443251271	18.846366215418595	37.820490851278535	25.62993850079016
3	20.56674527022074	25.195469617362214	28.673795885261022	25.56398922715602
4	14.395997753258252	17.52801287116459	37.13359545320399	30.942393922373167
5	16.1556117664643	34.51512696482989	34.010656801303114	15.318604467402697
6	30.590346534653467	35.973057882711345	18.623000761614623	14.813594821020565
7	25.942660212013465	28.95835415863405	23.46475883111752	21.63422679823497
8	25.93971254787457	32.77719651828207	19.48113149168746	21.801959442155898
9	24.758287161325946	15.51341368214619	20.532168085146893	39.196131071380975
10-14	27.23099331695893	20.724948115991698	24.829953732792596	27.214104834256776
15-19	26.37354581976733	24.803792768606844	23.19856819177091	25.624093219854917
20-24	26.163578155279076	23.854406610320115	23.871677316935745	26.110337917465067
25-29	26.284458426723244	23.727013989874187	23.74359901038268	26.244928573019884
30-34	26.33213381314141	23.687915310066447	23.702804592448736	26.277146284343406
35-39	26.38815169542642	23.754354733556795	23.614877518772552	26.242616052244227
40-44	26.398184277434222	23.690658124965154	23.56662626466291	26.344531332937716
45-49	26.34927216381449	23.684639223233024	23.63310693199288	26.332981680959605
50-59	26.420323272354686	23.616382729059723	23.578095442524805	26.385198556060786
60-69	26.418438687199586	23.651405118061184	23.57636655886343	26.353789635875803
70-79	26.481045199620034	23.53599160797161	23.552331743133855	26.4306314492745
80-89	26.478584703824342	23.556948575805524	23.52581091266062	26.43865580770951
90-99	26.488063204094935	23.536099989236575	23.483333442355125	26.492503364313365
100-109	26.540269892533818	23.463163116155	23.474342914129945	26.52222407718124
110-119	26.548568281893765	23.461213065047275	23.437735809359424	26.552482843699536
120-129	26.52820764003014	23.47398246564553	23.45341184691612	26.54439804740821
130-139	26.60926683230133	23.415636426521285	23.404460026433537	26.570636714743852
140-149	26.619856401640448	23.41180346839897	23.40997360047442	26.558366529486165
150-159	26.608015859537137	23.407247663207006	23.364650792175762	26.62008568508009
160-169	26.648511633035138	23.349603705017273	23.357544269188384	26.644340392759204
170-179	26.693344355378606	23.3543642163131	23.3047074523667	26.647583975941597
180-189	26.70592023406573	23.362043409707812	23.283484286423555	26.648552069802907
190-199	26.731897591549153	23.323937153793647	23.293918100483115	26.65024715417409
200-209	26.75246337050416	23.311523667021703	23.24629151479232	26.68972144768182
210-219	26.736810634818237	23.328329785004303	23.234322740206593	26.700536839970866
220-229	26.764078944804385	23.277842488809323	23.188543360616734	26.769535205769557
230-239	26.809729031295106	23.26702621431843	23.11784527281429	26.805399481572174
240-249	26.938579493616533	23.317062117071636	23.07314259631718	26.67121579299465
250-251	33.40436251813372	28.78323792315644	23.538747535116446	14.273652023593389
>>END_MODULE
>>Per base GC content	fail
#Base	%GC
1	65.80034652805544
2	43.333142933302874
3	46.130734497376764
4	45.33839167563142
5	31.474216233866997
6	45.40394135567403
7	47.57688701024843
8	47.741671990030476
9	63.95441823270692
10-14	54.44509815121571
15-19	51.99763903962224
20-24	52.27391607274414
25-29	52.52938699974313
30-34	52.60928009748481
35-39	52.630767747670646
40-44	52.74271561037194
45-49	52.682253844774095
50-59	52.80552182841547
60-69	52.77222832307539
70-79	52.911676648894534
80-89	52.91724051153385
90-99	52.98056656840831
100-109	53.062493969715064
110-119	53.1010511255933
120-129	53.072605687438354
130-139	53.179903547045186
140-149	53.178222931126605
150-159	53.22810154461723
160-169	53.292852025794346
170-179	53.3409283313202
180-189	53.354472303868626
190-199	53.38214474572324
200-209	53.44218481818598
210-219	53.4373474747891
220-229	53.533614150573946
230-239	53.61512851286728
240-249	53.60979528661118
250-251	47.678014541727116
>>END_MODULE
>>Per sequence GC content	warn
#GC Content	Count
0	782.0
1	391.0
2	0.0
3	0.0
4	0.0
5	0.0
6	0.0
7	0.0
8	0.0
9	0.0
10	0.0
11	0.0
12	0.5
13	1.5
14	2.5
15	2.5
16	2.5
17	5.5
18	8.0
19	8.5
20	16.166666666666664
21	29.166666666666668
22	44.666666666666664
23	68.66666666666667
24	114.8333333333333
25	166.33333333333334
26	225.50000000000017
27	326.66666666666663
28	478.99999999999875
29	658.5000000000003
30	829.1666666666706
31	1066.0000000000095
32	1393.833333333323
33	1774.9999999999666
34	2166.666666666627
35	2699.8333333333776
36	3343.833333333487
37	4071.500000000295
38	5027.499999999947
39	6037.833333332831
40	7096.333333332293
41	8468.833333332057
42	9933.833333333481
43	11435.33333333498
44	13323.333333336917
45	15471.000000006077
46	17792.000000003925
47	20931.833333330436
48	24143.499999989494
49	27802.33333331362
50	32369.499999968262
51	36441.166666652505
52	39893.50000000355
53	42392.5000000171
54	43674.83333335749
55	43417.33333335611
56	41172.1666666768
57	37429.499999990076
58	32645.999999965592
59	27411.166666646604
60	22648.33333332544
61	17554.500000005122
62	13265.166666670842
63	9627.666666666451
64	6649.166666665723
65	4585.000000000168
66	3084.3333333334854
67	2045.8333333332414
68	1412.6666666666442
69	953.3333333333527
70	611.4999999999997
71	394.9999999999978
72	268.500000000001
73	179.8333333333337
74	115.4999999999997
75	76.66666666666666
76	50.50000000000006
77	30.999999999999968
78	24.999999999999982
79	20.0
80	15.166666666666671
81	8.499999999999998
82	6.499999999999998
83	5.499999999999999
84	4.666666666666666
85	4.5
86	4.333333333333334
87	2.5
88	1.3333333333333333
89	1.3333333333333333
90	0.3333333333333333
91	0.3333333333333333
92	1.0
93	1.3333333333333333
94	1.3333333333333333
95	0.6666666666666666
96	0.3333333333333333
97	0.6666666666666666
98	1.3333333333333333
99	0.3333333333333333
100	1.5
>>END_MODULE
>>Per base N content	pass
#Base	N-Count
1	0.07439103045846564
2	0.07439103045846564
3	0.07448615965342532
4	0.07534232240806239
5	0.07543745160302207
6	0.07629361435765913
7	0.07581796838286077
8	0.07619848516269946
9	0.07439103045846564
10-14	0.07439103045846564
15-19	0.07439103045846564
20-24	0.08262921874197347
25-29	0.08148766840245739
30-34	0.07439103045846564
35-39	0.014896180101294025
40-44	0.0014701836259348791
45-49	0.0
50-59	1.3457727595406877E-4
60-69	0.0
70-79	0.0
80-89	0.0
90-99	0.0016551216152639082
100-109	0.0
110-119	0.0
120-129	0.0
130-139	3.8360409734793755E-4
140-149	1.5774698603350252E-4
150-159	1.8158111650383292E-4
160-169	3.041520116994244E-4
170-179	1.5496959828559346E-4
180-189	3.390552293844249E-5
190-199	4.6254298036100324E-5
200-209	2.134477792893043E-4
210-219	4.877146508383754E-5
220-229	1.1314814083775386E-4
230-239	0.0
240-249	1.3520286446196765E-5
250-251	0.0
>>END_MODULE
>>Sequence Length Distribution	warn
#Length	Count
35-39	2699.0
40-44	2552.0
45-49	2939.0
50-54	2990.0
55-59	3229.0
60-64	3363.0
65-69	3625.0
70-74	3867.0
75-79	4047.0
80-84	4229.0
85-89	4443.0
90-94	4661.0
95-99	4863.0
100-104	5096.0
105-109	5055.0
110-114	5465.0
115-119	5594.0
120-124	5946.0
125-129	6179.0
130-134	6430.0
135-139	6700.0
140-144	7015.0
145-149	7217.0
150-154	7545.0
155-159	7582.0
160-164	8036.0
165-169	8481.0
170-174	8824.0
175-179	9138.0
180-184	9466.0
185-189	9881.0
190-194	10231.0
195-199	10629.0
200-204	10976.0
205-209	11362.0
210-214	11853.0
215-219	12236.0
220-224	12501.0
225-229	13135.0
230-234	13246.0
235-239	13598.0
240-244	13880.0
245-249	62795.0
250-252	677603.0
>>END_MODULE
>>Sequence Duplication Levels	warn
#Total Duplicate Percentage	33.51361343900497
#Duplication Level	Relative count
1	100.0
2	27.97918226214665
3	9.124157844080846
4	3.1889637471928136
5	1.2611841870744662
6	0.5461091505364846
7	0.23455601896410366
8	0.1197732862795423
9	0.0541831533169358
10++	0.07913592129184044
>>END_MODULE
>>Overrepresented sequences	pass
>>END_MODULE
>>Kmer Content	warn
#Sequence	Count	Obs/Exp Overall	Obs/Exp Max	Max Obs/Exp Position
AAAAA	620735	3.669093	4.4988933	240-247
TTTTT	615660	3.6452458	4.313699	240-247
CAGCG	679240	2.5287492	7.1011477	9
ATAAA	375565	2.2206712	9.349587	3
AAAAC	419575	2.2154217	5.1676826	5
TTTAT	373460	2.2104633	8.006105	3
TGCTG	529935	2.2100608	6.099236	2
GTTTT	416275	2.1889722	6.686839	1
CAGCA	522160	2.188091	5.435716	4
TTTTA	352905	2.0888007	7.506955	2
TAAAA	351930	2.0809202	6.561145	4
TTATC	387380	2.0475004	5.9471	4
GATAA	389530	2.0462599	5.0829377	2
TTATT	314940	1.8640906	7.119491	4
AATAA	313820	1.8555804	7.2959585	2
ATATT	296960	1.7570759	7.983668	1
AATAT	292465	1.729895	5.729814	5
TCCAG	405905	1.701504	6.865518	2
CTGGA	405950	1.6924174	6.2036057	4
TTTAC	316455	1.6726257	5.1025176	3
TTCAG	352325	1.6538813	5.3963366	2
TACCG	391905	1.6428174	7.149255	7
CTGCG	440060	1.6388572	5.702673	9
TTAAA	275435	1.6291645	6.1695595	4
TTTAA	273015	1.6153961	6.0928273	2
ATTAA	271385	1.6052091	7.2787323	3
TTAAT	268380	1.5879713	6.00091	3
ATAAT	266560	1.57667	7.259043	3
ATTAT	265965	1.5736821	7.583206	3
ACCGC	394970	1.4784962	5.2211933	8
TTCTG	313350	1.471422	5.007366	2
AACAG	312955	1.468079	5.7830906	7
AACTG	308220	1.4463553	5.6965237	7
CAATA	273785	1.4461159	5.726226	4
TATTG	273605	1.4382595	7.3379083	2
CTTTA	270965	1.432188	6.070236	2
TAAAG	268335	1.4096043	6.417822	4
CATTA	263085	1.3900685	6.343746	2
TATTC	262195	1.385834	5.8239355	5
GAATA	261080	1.3714927	6.831622	1
GTTAT	260555	1.3696598	5.523821	1
TAATG	260390	1.3683302	5.761081	4
AATAC	248555	1.3128526	7.291121	5
GTATT	249270	1.3103379	9.951044	1
TAAAC	245540	1.2969276	5.4624796	5
TCCTG	307725	1.2903811	5.518465	2
GTTTA	245180	1.2888378	6.5620885	1
ATACC	269995	1.273924	7.000026	6
GGATA	271095	1.2652086	5.173476	1
ATTAC	238695	1.2611985	5.376354	3
ACAGC	294925	1.2358717	5.417091	8
GTTCA	255430	1.1990377	5.2035856	1
CATAA	224380	1.1851617	5.661728	2
TAATA	199390	1.1793677	7.8825965	4
TATTA	198765	1.176068	10.406391	2
TTATG	223675	1.1757925	5.039732	4
ACCGT	277675	1.1639793	5.6654463	8
TACTG	238305	1.1186495	5.6567774	7
TTATA	143195	0.84726715	6.1322503	4
TATAA	140630	0.8318093	7.239352	2
ATATA	119395	0.7062069	5.69038	1
TATAC	112295	0.5933358	5.4115577	5
GTATA	108350	0.5693712	6.7581267	1
>>END_MODULE
