##FastQC	0.10.1
>>Basic Statistics	pass
#Measure	Value	
Filename	SRR10740742_1.fastq	
File type	Conventional base calls	
Encoding	Sanger / Illumina 1.9	
Total Sequences	962288	
Filtered Sequences	0	
Sequence length	35-251	
%GC	52	
>>END_MODULE
>>Per base sequence quality	pass
#Base	Mean	Median	Lower Quartile	Upper Quartile	10th Percentile	90th Percentile
1	32.673674617162426	33.0	32.0	34.0	32.0	34.0
2	32.6909667376087	33.0	32.0	34.0	32.0	34.0
3	32.91984208469814	33.0	32.0	34.0	32.0	34.0
4	33.07857730741732	33.0	33.0	34.0	32.0	35.0
5	32.975947949054756	33.0	33.0	34.0	32.0	34.0
6	35.47664628468816	37.0	34.0	37.0	33.0	37.0
7	35.441274337828176	37.0	34.0	37.0	33.0	37.0
8	35.44049390619025	37.0	34.0	37.0	33.0	37.0
9	35.459589021166224	37.0	34.0	37.0	33.0	37.0
10-14	35.99858732520825	37.4	35.6	37.4	34.4	37.4
15-19	37.22316832382821	38.0	38.0	38.0	36.0	38.0
20-24	37.437070606720646	38.0	38.0	38.4	36.6	38.4
25-29	37.65300388241358	38.0	38.0	39.0	36.0	39.0
30-34	37.60443110586435	38.0	38.0	39.0	36.0	39.0
35-39	37.595721535657205	38.0	38.0	39.0	36.0	39.0
40-44	37.62070990594865	38.0	38.0	39.0	36.0	39.0
45-49	37.617350533830496	38.0	38.0	39.0	36.0	39.0
50-59	37.52527253361106	38.0	38.0	39.0	36.0	39.0
60-69	37.48040911602578	38.0	38.0	39.0	36.0	39.0
70-79	37.26720907938616	38.0	38.0	39.0	36.0	39.0
80-89	37.2714318355459	38.0	38.0	39.0	36.0	39.0
90-99	37.15589114201738	38.0	38.0	39.0	35.0	39.0
100-109	37.04199162322246	38.0	38.0	39.0	34.1	39.0
110-119	36.93579831593985	38.0	38.0	39.0	34.0	39.0
120-129	36.7752915287894	38.0	38.0	39.0	34.0	39.0
130-139	36.55935063385275	38.0	37.1	39.0	33.3	39.0
140-149	36.33294177832171	38.0	37.0	39.0	32.9	39.0
150-159	36.04801791787934	38.0	37.0	38.3	32.2	39.0
160-169	35.718046065094356	37.3	37.0	38.0	31.8	39.0
170-179	35.41171724313349	37.0	37.0	38.0	31.0	38.9
180-189	35.19431122726543	37.0	37.0	37.7	30.6	38.0
190-199	34.91808562861736	37.0	37.0	37.0	29.3	38.0
200-209	34.566555516778095	37.0	36.8	37.0	26.3	37.8
210-219	34.33364165555711	37.0	36.2	37.0	25.6	37.0
220-229	34.11290318309463	37.0	35.5	37.0	25.0	37.0
230-239	33.917329402194305	37.0	34.8	37.0	24.3	37.0
240-249	33.57217885297979	37.0	33.5	37.0	23.1	37.0
250-251	31.500794704392888	35.0	28.5	37.0	18.5	37.0
>>END_MODULE
>>Per sequence quality scores	pass
#Quality	Count
2	632.0
3	0.0
4	0.0
5	0.0
6	0.0
7	0.0
8	0.0
9	0.0
10	0.0
11	0.0
12	0.0
13	0.0
14	0.0
15	1.0
16	0.0
17	17.0
18	123.0
19	428.0
20	900.0
21	1694.0
22	2487.0
23	3495.0
24	4523.0
25	5773.0
26	7321.0
27	8976.0
28	10807.0
29	12909.0
30	15551.0
31	18385.0
32	22603.0
33	27685.0
34	36229.0
35	52355.0
36	97311.0
37	452904.0
38	179179.0
>>END_MODULE
>>Per base sequence content	fail
#Base	G	A	T	C
1	41.6002187892552	20.9740281348008	13.37037360553046	24.055379470413538
2	17.932087981565132	19.285170580748208	36.590735148535444	26.192006289151216
3	20.491839077591155	25.31279376409028	28.819765071917608	25.375602086400956
4	14.6886204630346	18.063111965193375	36.7957980816425	30.452469490129523
5	15.894041112414417	34.87931235285799	34.0701872603093	15.156459274418296
6	30.18033475587944	36.58033641967606	18.594071060753535	14.645257763690967
7	25.745068922774877	29.332526391973847	23.54854542580715	21.373859259444124
8	25.824203249394795	32.862374903291816	19.548986331910786	21.764435515402596
9	24.757917592153536	15.299857745389204	20.45887510710691	39.48334955535036
10-14	27.175149362173034	20.892152888798673	24.853695053885183	27.079002695143107
15-19	26.286946683637392	24.96703602951575	23.245609656675565	25.50040763017129
20-24	26.107901370136517	24.03942782034324	23.89082998494264	25.961840824577603
25-29	26.295390451471214	23.89118354172386	23.732228572379313	26.08119743442562
30-34	26.339564251665877	23.823259044814364	23.694335604415716	26.142841099104047
35-39	26.42099520123717	23.844328816173384	23.63816221241652	26.09651377017293
40-44	26.38149582424885	23.84106567695781	23.578636347243886	26.198802151549444
45-49	26.371451072799097	23.756603809058262	23.67369192878227	26.198253189360372
50-59	26.423060563261703	23.742148569010553	23.597221655769278	26.237569211958466
60-69	26.418811308589625	23.748133097926623	23.586117892790135	26.246937700693618
70-79	26.45782322397041	23.692630737987454	23.55511346077436	26.294432577267774
80-89	26.497172368074768	23.664172096770105	23.52988858756997	26.30876694758516
90-99	26.47400580750005	23.62629457597096	23.517668182173107	26.38203143435588
100-109	26.523572946977747	23.601196180585806	23.491041713857573	26.38418915857887
110-119	26.520368230055592	23.618050006732908	23.44585712560215	26.41572463760935
120-129	26.518361833855657	23.586998981508405	23.460924972308085	26.433714212327853
130-139	26.541645460376778	23.583896529433805	23.437881190361903	26.43657681982752
140-149	26.601775735896087	23.55874457956882	23.39298840832051	26.446491276214584
150-159	26.527508911057655	23.538896138716925	23.421834457024225	26.51176049320119
160-169	26.549496314663166	23.49258369597359	23.418240755324277	26.539679234038964
170-179	26.55015293796758	23.528495655392767	23.398547089307982	26.522804317331673
180-189	26.540803587670425	23.568578738431388	23.375179007975788	26.515438665922396
190-199	26.541138488953088	23.50083275670424	23.414646156623917	26.543382597718757
200-209	26.596788192894632	23.5316203466204	23.327333132048203	26.544258328436758
210-219	26.556311886693873	23.5544320930181	23.345947876345083	26.543308143942944
220-229	26.580680612927445	23.50649180823716	23.321515142814665	26.59131243602073
230-239	26.55482571443382	23.522886320045615	23.316350333612267	26.605937631908294
240-249	26.676902857522975	23.58134880853909	23.294126204493168	26.447622129444763
250-251	32.43013025209662	29.384519417275808	24.39532269713349	13.790027633494084
>>END_MODULE
>>Per base GC content	fail
#Base	%GC
1	65.65559825966874
2	44.12409427071635
3	45.86744116399211
4	45.141089953164126
5	31.050500386832713
6	44.82559251957041
7	47.11892818221901
8	47.588638764797395
9	64.24126714750389
10-14	54.25415205731614
15-19	51.78735431380868
20-24	52.06974219471412
25-29	52.37658788589683
30-34	52.48240535076992
35-39	52.517508971410095
40-44	52.580297975798295
45-49	52.56970426215947
50-59	52.66062977522017
60-69	52.66574900928324
70-79	52.75225580123819
80-89	52.80593931565992
90-99	52.85603724185594
100-109	52.90776210555662
110-119	52.93609286766494
120-129	52.95207604618351
130-139	52.97822228020429
140-149	53.04826701211067
150-159	53.039269404258846
160-169	53.08917554870213
170-179	53.072957255299244
180-189	53.05624225359282
190-199	53.08452108667184
200-209	53.14104652133139
210-219	53.09962003063682
220-229	53.171993048948174
230-239	53.16076334634211
240-249	53.124524986967735
250-251	46.22015788559071
>>END_MODULE
>>Per sequence GC content	warn
#GC Content	Count
0	632.0
1	316.0
2	0.0
3	0.0
4	0.0
5	0.0
6	0.0
7	0.0
8	0.0
9	0.0
10	0.5
11	1.0
12	1.0
13	1.0
14	2.5
15	4.5
16	7.0
17	9.5
18	9.5
19	12.5
20	20.833333333333332
21	32.33333333333333
22	49.0
23	72.83333333333334
24	110.16666666666666
25	157.83333333333334
26	216.50000000000009
27	336.99999999999994
28	516.9999999999991
29	715.8333333333343
30	936.333333333339
31	1211.1666666666672
32	1465.4999999999886
33	1791.666666666627
34	2167.3333333332866
35	2689.66666666671
36	3332.3333333334963
37	4004.500000000302
38	4821.666666666709
39	5708.833333332961
40	6781.333333332437
41	8034.333333331854
42	9276.499999999485
43	10493.000000000691
44	12223.833333335826
45	14107.833333337792
46	16406.500000006963
47	19026.166666668167
48	22095.833333327606
49	25527.999999986136
50	29559.8333333092
51	33742.99999997236
52	36859.499999987755
53	39249.66666666677
54	40568.666666673606
55	40131.00000000455
56	38234.66666666146
57	34562.66666664241
58	29971.33333330695
59	25325.499999985692
60	20601.33333333087
61	16021.500000007396
62	12144.000000002734
63	8541.166666665324
64	5806.499999999528
65	3988.500000000341
66	2708.3333333333867
67	1786.999999999944
68	1211.9999999999993
69	785.5000000000075
70	451.3333333333303
71	277.50000000000057
72	194.8333333333337
73	122.66666666666643
74	73.83333333333334
75	46.83333333333336
76	33.33333333333332
77	23.333333333333325
78	11.66666666666667
79	6.499999999999999
80	4.333333333333334
81	3.833333333333334
82	1.9999999999999998
83	1.8333333333333333
84	2.833333333333333
85	3.1666666666666665
86	1.3333333333333333
87	0.8333333333333333
88	0.0
89	0.3333333333333333
90	0.3333333333333333
91	0.0
92	0.0
93	0.0
94	0.3333333333333333
95	0.3333333333333333
96	0.0
97	0.5
98	0.5
99	0.0
100	0.0
>>END_MODULE
>>Per base N content	pass
#Base	N-Count
1	0.06567680361804366
2	0.06567680361804366
3	0.06567680361804366
4	0.06567680361804366
5	0.06567680361804366
6	0.06567680361804366
7	0.06567680361804366
8	0.06567680361804366
9	0.06567680361804366
10-14	0.06569758741665697
15-19	0.06567680361804366
20-24	0.06567680361804366
25-29	0.06567680361804366
30-34	0.06567680361804366
35-39	0.013148986758221341
40-44	0.0
45-49	0.0
50-59	0.0
60-69	0.0
70-79	0.0
80-89	0.0011549296407238458
90-99	0.0
100-109	3.4848548209481594E-4
110-119	8.698202753124306E-4
120-129	3.901824303527149E-4
130-139	0.0
140-149	4.363194115291204E-4
150-159	1.8692449161795532E-4
160-169	7.029170940263604E-4
170-179	7.184136355395085E-4
180-189	6.238294619932524E-5
190-199	8.976427005042059E-5
200-209	6.215730824470406E-4
210-219	5.06458994752811E-4
220-229	3.837675426184516E-4
230-239	2.5178221075740977E-4
240-249	0.0020360062261381238
250-251	1.0044880526191022E-4
>>END_MODULE
>>Sequence Length Distribution	warn
#Length	Count
35-39	2134.0
40-44	1872.0
45-49	2275.0
50-54	2401.0
55-59	2664.0
60-64	2752.0
65-69	2995.0
70-74	3197.0
75-79	3492.0
80-84	3803.0
85-89	3707.0
90-94	4172.0
95-99	4335.0
100-104	4686.0
105-109	4815.0
110-114	5286.0
115-119	5376.0
120-124	5903.0
125-129	6089.0
130-134	6390.0
135-139	6671.0
140-144	6997.0
145-149	7309.0
150-154	7763.0
155-159	8159.0
160-164	8505.0
165-169	8862.0
170-174	9372.0
175-179	9624.0
180-184	10122.0
185-189	10686.0
190-194	11078.0
195-199	11709.0
200-204	12052.0
205-209	12715.0
210-214	12978.0
215-219	13479.0
220-224	13671.0
225-229	13855.0
230-234	14606.0
235-239	14713.0
240-244	15221.0
245-249	61438.0
250-252	582359.0
>>END_MODULE
>>Sequence Duplication Levels	warn
#Total Duplicate Percentage	33.20835792704522
#Duplication Level	Relative count
1	100.0
2	27.883038289689498
3	8.736072620326905
4	2.9756518296476444
5	1.0505627509756235
6	0.4093377071432611
7	0.1654318194672247
8	0.07140433233414399
9	0.03888354731067247
10++	0.06433459645947627
>>END_MODULE
>>Overrepresented sequences	pass
>>END_MODULE
>>Kmer Content	warn
#Sequence	Count	Obs/Exp Overall	Obs/Exp Max	Max Obs/Exp Position
TTTTT	544625	3.5150845	4.0227246	240-247
AAAAA	557365	3.4970572	4.5231743	15-19
CAGCG	643740	2.6544888	7.402171	9
CAGCA	486765	2.2364686	5.920897	4
TTTAT	342815	2.2001028	8.128796	3
TGCTG	475365	2.194729	5.6288176	2
ATAAA	347610	2.1933618	9.210411	3
GTTTT	378690	2.1811924	5.916447	1
AAAAC	378555	2.1454518	5.4776597	5
TTTTA	321170	2.0611904	6.88965	2
TTATC	356340	2.05409	6.073785	4
GATAA	360425	2.0410793	5.454569	2
TAAAA	323110	2.038771	6.989609	4
TTATT	291465	1.870551	7.0312667	4
AATAA	291510	1.8393801	7.365545	2
ATATT	274635	1.7526047	8.36461	1
AATAT	273615	1.7362529	5.98605	5
TCCAG	374530	1.730554	6.4795556	2
CTGGA	371475	1.705408	5.6426754	4
TTCAG	325550	1.6747288	5.2785044	2
TACCG	361510	1.6703935	7.157589	7
CTGCG	396070	1.6424698	5.8427525	9
GTAAA	287200	1.6264077	5.167157	3
TTAAA	253315	1.6074369	5.9020348	4
TTTAA	251830	1.607073	6.449481	2
ATTAT	249595	1.5928099	7.329595	3
ATTAA	250380	1.5888126	7.624337	3
TTAAT	248425	1.5853435	6.5762167	3
ATAAT	248105	1.5743763	6.987225	3
ACCGC	353870	1.4686354	5.073541	8
AACAG	287455	1.4621319	6.223711	7
TATTG	253725	1.4531763	7.2164283	2
CAATA	254340	1.4496378	6.0495224	4
CTTTA	249630	1.4389697	6.124665	2
AACTG	279130	1.4278357	5.3672695	7
TAAAG	250190	1.4168206	6.366787	4
CATTA	242840	1.3919386	6.27354	2
ATTGA	244070	1.3899987	5.1147637	3
GAATA	243595	1.3794734	6.74792	1
TATTC	238670	1.3757918	5.9275055	5
TAATG	240615	1.3703221	5.963035	4
GTTAT	238300	1.3648318	5.3712473	1
AATAC	229930	1.3105103	7.439277	5
GTATT	227950	1.3055536	9.364928	1
CAGGA	285485	1.3032476	5.006465	4
TCCTG	277900	1.2913444	5.496035	2
ATACC	247210	1.2727338	7.3332915	6
TAAAC	223135	1.2717814	5.3955193	5
ATTAC	221540	1.2698486	5.2300577	3
GTTTA	220560	1.2632283	6.616113	1
GGATA	247365	1.2572166	5.0636163	1
ACAGC	271435	1.2471231	5.4089017	8
GTTCA	232970	1.1984689	5.3012085	1
TATTA	185700	1.1850592	10.040349	2
ACCGT	253890	1.1731246	5.633288	8
CATAA	205680	1.1722949	5.2257304	2
TAATA	184710	1.1720967	7.652342	4
TACTG	214430	1.1030934	5.70419	7
TTATA	131450	0.83885854	5.928453	4
TATAA	131190	0.83247995	6.609159	2
ATATA	111405	0.7069321	5.0338826	1
TATAC	102145	0.58548653	5.672747	5
GTATA	100435	0.5719856	6.541117	1
>>END_MODULE
