##FastQC	0.10.1
>>Basic Statistics	pass
#Measure	Value	
Filename	SRR10740746_2.fastq.gz	
File type	Conventional base calls	
Encoding	Sanger / Illumina 1.9	
Total Sequences	999592	
Filtered Sequences	0	
Sequence length	35-251	
%GC	53	
>>END_MODULE
>>Per base sequence quality	pass
#Base	Mean	Median	Lower Quartile	Upper Quartile	10th Percentile	90th Percentile
1	30.40016226620461	32.0	32.0	33.0	18.0	33.0
2	30.677127267925314	32.0	32.0	33.0	18.0	34.0
3	31.212700781919022	32.0	32.0	33.0	29.0	34.0
4	31.31099788713795	33.0	32.0	33.0	29.0	34.0
5	31.401545830698925	33.0	32.0	33.0	29.0	34.0
6	34.15818654010837	37.0	33.0	37.0	31.0	37.0
7	34.03004225724096	37.0	33.0	37.0	31.0	37.0
8	33.95184635331215	37.0	33.0	37.0	30.0	37.0
9	34.1153690705808	37.0	33.0	37.0	31.0	37.0
10-14	34.78862796020776	36.6	34.6	37.4	31.8	37.4
15-19	35.944359298593824	38.0	37.0	38.0	32.2	38.0
20-24	36.0299134046691	38.0	37.0	38.4	32.0	38.4
25-29	36.13346205251743	38.0	37.0	39.0	32.0	39.0
30-34	36.1218046963161	38.0	37.0	39.0	32.0	39.0
35-39	36.10494590306471	38.0	37.0	39.0	32.0	39.0
40-44	36.002593103472236	38.0	37.0	39.0	32.0	39.0
45-49	35.880814641629634	38.0	36.8	39.0	32.0	39.0
50-59	35.73713964396374	38.0	36.0	39.0	30.8	39.0
60-69	35.69942975135992	38.0	36.0	39.0	30.0	39.0
70-79	35.62351090520501	38.0	36.0	39.0	29.9	39.0
80-89	35.371128690675434	38.0	36.0	39.0	28.4	39.0
90-99	35.049725896574856	38.0	35.8	39.0	25.3	39.0
100-109	34.97597444288474	38.0	35.2	39.0	25.8	39.0
110-119	34.81902193661265	38.0	35.0	39.0	24.6	39.0
120-129	34.48796072354283	38.0	34.1	39.0	18.9	39.0
130-139	34.1192638384371	38.0	34.0	38.7	15.8	39.0
140-149	33.7923960419587	37.5	33.4	38.0	15.2	39.0
150-159	33.373873963342334	37.0	33.0	38.0	15.0	39.0
160-169	32.89624010797094	37.0	32.3	38.0	14.3	38.9
170-179	32.40801789770747	37.0	31.7	37.6	14.0	38.0
180-189	31.91450009469923	37.0	30.5	37.0	14.0	38.0
190-199	31.42269607289336	37.0	28.3	37.0	14.0	37.8
200-209	30.917282487371303	36.6	26.0	37.0	13.4	37.0
210-219	30.323987927144305	35.8	25.3	37.0	13.0	37.0
220-229	29.632137480994174	33.8	24.0	37.0	13.0	37.0
230-239	28.93330441802906	33.0	24.0	37.0	13.0	37.0
240-249	28.101509629612224	32.9	15.2	37.0	12.1	37.0
250-251	24.950928376800256	28.0	13.5	35.0	12.0	37.0
>>END_MODULE
>>Per sequence quality scores	pass
#Quality	Count
2	639.0
3	0.0
4	0.0
5	0.0
6	0.0
7	0.0
8	0.0
9	0.0
10	0.0
11	0.0
12	0.0
13	0.0
14	11.0
15	78.0
16	362.0
17	1456.0
18	4138.0
19	7189.0
20	9540.0
21	11402.0
22	13178.0
23	14848.0
24	16377.0
25	18148.0
26	19867.0
27	21864.0
28	24473.0
29	27418.0
30	30658.0
31	35360.0
32	42150.0
33	51092.0
34	65912.0
35	93922.0
36	161099.0
37	272547.0
38	55864.0
>>END_MODULE
>>Per base sequence content	fail
#Base	G	A	T	C
1	43.12495182456031	20.160107632691428	13.28561003370529	23.429330509042966
2	17.49356824665899	18.493317983883077	37.807397767656035	26.205716001801893
3	20.608438860803844	24.98163071224786	28.524450673206868	25.885479753741432
4	14.438961982815837	17.36665655597967	37.329056813051395	30.8653246481531
5	16.26372328295665	34.53777550425901	33.92873052562664	15.269770687157699
6	30.573321734290488	35.98829951558313	18.56400779631867	14.874370953807714
7	26.011428182442486	28.969381360530328	23.227961006432857	21.791229450594336
8	25.962954398251732	32.59174057067005	19.42486518087836	22.020439850199864
9	24.600656887761485	15.501229787587603	20.60056879552892	39.29754452912199
10-14	27.228628373907483	20.68774006384685	24.721223120607274	27.362408441638397
15-19	26.40174262452788	24.706707923195587	23.175624879248574	25.71592457302796
20-24	26.12115093670185	23.83762232867178	23.88769909569488	26.153527638931497
25-29	26.289163863527147	23.681563350953066	23.68989267980138	26.33938010571841
30-34	26.346004266466995	23.631442119899535	23.655967798284806	26.36658581534867
35-39	26.373330315373465	23.70910605958935	23.602102022400338	26.31546160263684
40-44	26.42604740013605	23.668323457468905	23.517466534765518	26.388162607629535
45-49	26.362874872272897	23.626408315763527	23.600370282943942	26.41034652901964
50-59	26.46248808075809	23.611194505578897	23.488240505451543	26.438076908211467
60-69	26.44010226976513	23.605149299727394	23.520310219911664	26.43443821059581
70-79	26.489102997585352	23.52709756973092	23.473661250532523	26.510138182151206
80-89	26.51036607037081	23.513873794059016	23.441576569848	26.534183565722174
90-99	26.544821213151636	23.45819258547341	23.40804921179813	26.58893698957683
100-109	26.568234199491194	23.469209778839158	23.35054972755518	26.612006294114476
110-119	26.56044683457693	23.453064767735714	23.358881419695408	26.627606977991952
120-129	26.585588664929816	23.39272488643206	23.336497976271513	26.68518847236661
130-139	26.625862856492354	23.402199331100185	23.314089394800316	26.657848417607145
140-149	26.63257685753801	23.38883512727511	23.311515605123017	26.667072410063863
150-159	26.6398864415454	23.364391537730317	23.262427417513038	26.733294603211245
160-169	26.64557888477197	23.316362471982067	23.28008782763826	26.757970815607703
170-179	26.69310977144852	23.291419564979645	23.218413906253264	26.797056757318572
180-189	26.686632636422384	23.294029284536435	23.256164848290382	26.76317323075079
190-199	26.72819441063429	23.238484996798896	23.213076897563383	26.820243695003427
200-209	26.757294750929834	23.221888536917927	23.146359541420853	26.874457170731386
210-219	26.745504053834633	23.22674239150565	23.128139458758994	26.89961409590072
220-229	26.784623626355586	23.178699392568074	23.075443605170992	26.961233375905348
230-239	26.831552291817935	23.121417319465134	23.0052098833563	27.04182050536063
240-249	26.95525419173366	23.171065481755402	22.967488504808344	26.906191821702595
250-251	33.57983438269147	28.55693165062261	23.277529532470297	14.585704434215616
>>END_MODULE
>>Per base GC content	fail
#Base	%GC
1	66.55428233360328
2	43.699284248460884
3	46.49391861454527
4	45.30428663096893
5	31.53349397011435
6	45.4476926880982
7	47.802657633036816
8	47.983394248451596
9	63.89820141688348
10-14	54.59103681554588
15-19	52.11766719755584
20-24	52.27467857563334
25-29	52.628543969245555
30-34	52.712590081815655
35-39	52.68879191801032
40-44	52.81421000776558
45-49	52.77322140129254
50-59	52.900564988969556
60-69	52.87454048036094
70-79	52.99924117973656
80-89	53.04454963609299
90-99	53.133758202728465
100-109	53.180240493605666
110-119	53.18805381256888
120-129	53.270777137296434
130-139	53.2837112740995
140-149	53.299649267601865
150-159	53.37318104475665
160-169	53.40354970037967
170-179	53.49016652876709
180-189	53.44980586717318
190-199	53.54843810563772
200-209	53.63175192166122
210-219	53.64511814973536
220-229	53.745857002260934
230-239	53.87337279717856
240-249	53.86144601343625
250-251	48.165538816907095
>>END_MODULE
>>Per sequence GC content	warn
#GC Content	Count
0	639.0
1	319.5
2	0.0
3	0.0
4	0.0
5	0.0
6	0.0
7	0.0
8	0.0
9	0.0
10	0.0
11	0.0
12	0.5
13	1.5
14	1.5
15	1.5
16	2.0
17	2.0
18	4.666666666666666
19	10.0
20	16.833333333333336
21	21.5
22	35.5
23	57.16666666666667
24	83.0
25	126.33333333333329
26	178.16666666666669
27	249.6666666666669
28	353.9999999999997
29	488.49999999999875
30	664.3333333333337
31	886.000000000006
32	1154.3333333333367
33	1462.1666666666547
34	1817.1666666666329
35	2335.3333333333153
36	2926.0000000000787
37	3595.0000000002146
38	4483.666666666845
39	5396.999999999787
40	6352.833333332687
41	7701.666666665368
42	9318.999999999538
43	10683.333333334225
44	12235.000000002557
45	14427.50000000496
46	16940.666666672503
47	19840.83333333276
48	23267.83333332478
49	27063.999999982407
50	31111.99999997199
51	35527.16666664802
52	38688.6666666642
53	40773.166666675046
54	41885.83333334758
55	41628.33333334651
56	39480.166666668636
57	35744.33333331488
58	31019.499999970645
59	25982.66666665055
60	21293.33333332906
61	16791.666666673667
62	12730.833333336828
63	9448.33333333291
64	6528.833333332433
65	4433.166666666906
66	3063.500000000157
67	2050.666666666574
68	1417.333333333309
69	923.8333333333518
70	613.3333333333335
71	410.66666666666345
72	269.00000000000136
73	173.166666666667
74	114.1666666666663
75	73.50000000000003
76	49.666666666666735
77	36.83333333333332
78	31.99999999999996
79	17.33333333333334
80	10.333333333333334
81	7.666666666666664
82	6.999999999999997
83	6.999999999999997
84	7.33333333333333
85	5.999999999999998
86	4.999999999999999
87	3.3333333333333335
88	3.0
89	1.9999999999999998
90	1.6666666666666665
91	1.6666666666666665
92	1.3333333333333333
93	1.6666666666666665
94	1.9999999999999998
95	1.9999999999999998
96	1.3333333333333333
97	0.6666666666666666
98	1.0
99	1.9999999999999998
100	3.5
>>END_MODULE
>>Per base N content	pass
#Base	N-Count
1	0.06392608184139129
2	0.06422620429135087
3	0.06422620429135087
4	0.06492649000792323
5	0.06512657164122962
6	0.06592689817445518
7	0.06582685735780198
8	0.06612697980776157
9	0.06392608184139129
10-14	0.06392608184139129
15-19	0.06392608184139129
20-24	0.07258961656355793
25-29	0.07122906145707449
30-34	0.06392608184139129
35-39	0.012838034871387325
40-44	0.0014648036771789405
45-49	0.0
50-59	3.2292476186064807E-4
60-69	0.0
70-79	0.0
80-89	0.0
90-99	0.001870598637289677
100-109	2.0988772685714958E-5
110-119	0.0
120-129	0.0
130-139	4.244408264189384E-4
140-149	2.5404921308808527E-4
150-159	2.919347413570474E-4
160-169	4.459977363899502E-4
170-179	2.2175930291947287E-4
180-189	2.3874165956012325E-5
190-199	1.3462847558708417E-4
200-209	3.39709470395452E-4
210-219	1.1672042074339755E-4
220-229	2.546540712082478E-4
230-239	0.0
240-249	0.0
250-251	0.0
>>END_MODULE
>>Sequence Length Distribution	warn
#Length	Count
35-39	2102.0
40-44	1924.0
45-49	2285.0
50-54	2577.0
55-59	2810.0
60-64	2990.0
65-69	3328.0
70-74	3546.0
75-79	3734.0
80-84	3944.0
85-89	4138.0
90-94	4400.0
95-99	4531.0
100-104	4854.0
105-109	5068.0
110-114	5373.0
115-119	5469.0
120-124	5884.0
125-129	6028.0
130-134	6337.0
135-139	6660.0
140-144	6932.0
145-149	7259.0
150-154	7518.0
155-159	7946.0
160-164	8274.0
165-169	8708.0
170-174	9031.0
175-179	9431.0
180-184	9747.0
185-189	10078.0
190-194	10645.0
195-199	11028.0
200-204	11238.0
205-209	11837.0
210-214	11986.0
215-219	12406.0
220-224	12716.0
225-229	13019.0
230-234	13347.0
235-239	13760.0
240-244	13576.0
245-249	58396.0
250-252	632732.0
>>END_MODULE
>>Sequence Duplication Levels	warn
#Total Duplicate Percentage	29.75449161707743
#Duplication Level	Relative count
1	100.0
2	23.969912980961617
3	7.5990748716418315
4	2.510190655118388
5	0.9108851796336112
6	0.35133173719300864
7	0.1505707445112894
8	0.0698593994804631
9	0.0332340832479873
10++	0.054259727751816006
>>END_MODULE
>>Overrepresented sequences	pass
>>END_MODULE
>>Kmer Content	warn
#Sequence	Count	Obs/Exp Overall	Obs/Exp Max	Max Obs/Exp Position
TTTTT	568485	3.6006868	4.3282146	240-247
AAAAA	553810	3.504441	4.33306	15-19
CAGCG	640665	2.4896836	6.9537168	9
GTTTT	390875	2.1888564	6.38233	1
AAAAC	389380	2.1835568	5.1976647	5
ATAAA	343505	2.1740658	9.339565	3
TGCTG	495095	2.1718621	5.6952076	2
CAGCA	493540	2.1689065	5.7882338	4
TTTAT	341720	2.163989	8.172343	3
TTTTA	324970	2.0579174	7.5123773	2
GATAA	362970	2.031445	5.373549	2
TTATC	358990	2.0142727	5.847563	4
TAAAA	318145	2.0135605	6.729292	4
TTATT	288890	1.829436	6.7190485	4
AATAA	285775	1.8086889	7.290615	2
ATATT	272540	1.7255725	7.4196725	1
TCCAG	385850	1.6959721	7.441289	2
AATAT	267140	1.6910648	5.9866176	5
CTGGA	384185	1.6850094	5.96161	4
TATTT	259185	1.6413248	5.1673923	2
TTCAG	328900	1.6315967	5.400941	2
TACCG	369525	1.6242166	6.9296427	7
CTGCG	411170	1.5981454	5.632105	9
TTTAA	250540	1.5862807	5.980694	2
TTAAA	249985	1.5824692	5.8041415	4
ATTAA	247355	1.5658206	7.7201	3
TTAAT	245785	1.5561748	6.366771	3
ATTAT	242790	1.5372119	7.3986506	3
ATAAT	241985	1.5318271	6.9761634	3
AACAG	297745	1.4764885	5.7617974	7
ACCGC	375645	1.4629484	5.10364	8
AACTG	289040	1.4335909	5.234984	7
CAATA	255580	1.4335057	5.5344396	4
TATTG	255475	1.4303625	7.287436	2
CTTTA	253970	1.4250112	6.0217147	2
TAAAG	250130	1.3999101	6.4966903	4
CATTA	242935	1.3628381	6.592786	2
GAATA	242720	1.3584383	6.9185653	1
TATTC	242090	1.3583531	5.648496	5
GTTAT	241390	1.3515029	5.3817506	1
TAATG	239280	1.3394374	5.7966094	4
AATAC	232500	1.3040538	7.0579658	5
GTATT	232240	1.3002735	10.99938	1
TCCTG	293905	1.2920783	5.419954	2
ATCCA	257290	1.2788757	5.1470585	1
CAGGA	291265	1.2772285	5.1145473	4
TAAAC	226900	1.2726443	5.273264	5
GTTTA	224750	1.2583382	6.679082	1
ATTAC	223590	1.2543149	5.516794	3
GGATA	253180	1.2530214	5.4376287	1
ATACC	252055	1.2528548	6.7011623	6
ACAGC	282255	1.2403953	5.1792026	8
GTAAT	219430	1.2283214	5.1325183	3
GTTCA	244515	1.2129823	5.9729037	1
CATAA	209190	1.1733118	5.3727326	2
TTATG	206750	1.1575594	5.1335096	4
TATTA	181430	1.1487144	10.410057	2
TAATA	181205	1.1470741	7.818395	4
ACCGT	260545	1.1452042	5.5115523	8
TACTG	222995	1.1062266	5.5549664	7
TTATA	134325	0.85047174	5.826292	4
TATAA	128565	0.8138494	6.8568525	2
TATAC	108730	0.6099631	5.230718	5
GTATA	100800	0.5642565	7.3232665	1
>>END_MODULE
