##FastQC	0.10.1
>>Basic Statistics	pass
#Measure	Value	
Filename	SRR10740739_2.fastq.gz	
File type	Conventional base calls	
Encoding	Sanger / Illumina 1.9	
Total Sequences	1076023	
Filtered Sequences	0	
Sequence length	35-251	
%GC	52	
>>END_MODULE
>>Per base sequence quality	pass
#Base	Mean	Median	Lower Quartile	Upper Quartile	10th Percentile	90th Percentile
1	31.044973016376044	32.0	32.0	33.0	29.0	34.0
2	31.521578070357233	33.0	32.0	33.0	29.0	34.0
3	31.498422431490777	33.0	32.0	33.0	29.0	34.0
4	31.741992503877704	33.0	32.0	33.0	30.0	34.0
5	31.719676066403785	33.0	32.0	33.0	30.0	34.0
6	34.44218292731661	37.0	33.0	37.0	32.0	37.0
7	34.44191713374156	37.0	33.0	37.0	32.0	37.0
8	34.26700730374723	37.0	33.0	37.0	31.0	37.0
9	34.49019212414605	37.0	33.0	37.0	32.0	37.0
10-14	35.15014586119442	37.4	35.0	37.4	32.8	37.4
15-19	36.35585038609769	38.0	38.0	38.0	34.0	38.0
20-24	36.46066282969788	38.0	38.0	38.4	33.8	38.4
25-29	36.612591552411054	38.0	37.8	39.0	33.0	39.0
30-34	36.60206408227334	38.0	37.6	39.0	33.2	39.0
35-39	36.595574141847166	38.0	37.2	39.0	33.0	39.0
40-44	36.495572819462346	38.0	37.2	39.0	33.0	39.0
45-49	36.367636351493346	38.0	37.0	39.0	33.0	39.0
50-59	36.25438243493503	38.0	37.0	39.0	32.1	39.0
60-69	36.22980797020777	38.0	37.0	39.0	32.0	39.0
70-79	36.16144241589128	38.0	37.0	39.0	31.4	39.0
80-89	35.94340786570446	38.0	37.0	39.0	30.1	39.0
90-99	35.6616497837415	38.0	36.8	39.0	29.1	39.0
100-109	35.596233090131356	38.0	37.0	39.0	28.7	39.0
110-119	35.45982372022085	38.0	36.9	39.0	27.0	39.0
120-129	35.179274202120496	38.0	36.1	39.0	26.3	39.0
130-139	34.854675824701886	38.0	35.2	39.0	24.8	39.0
140-149	34.56453923684082	38.0	34.7	38.5	24.0	39.0
150-159	34.18384950064832	37.3	34.0	38.0	21.8	39.0
160-169	33.74683808239324	37.0	33.3	38.0	16.1	39.0
170-179	33.31931597107116	37.0	33.0	38.0	14.8	38.1
180-189	32.88649923922416	37.0	32.5	37.0	14.0	38.0
190-199	32.46153504705849	37.0	32.0	37.0	14.0	38.0
200-209	32.040733022946114	37.0	31.3	37.0	14.0	37.2
210-219	31.53503633833511	37.0	29.7	37.0	14.0	37.0
220-229	30.954870515456935	37.0	26.0	37.0	13.3	37.0
230-239	30.361894037305156	36.1	25.2	37.0	13.0	37.0
240-249	29.661675022362783	34.2	24.0	37.0	13.0	37.0
250-251	26.248178731430773	28.5	18.5	35.0	12.5	37.0
>>END_MODULE
>>Per sequence quality scores	pass
#Quality	Count
2	709.0
3	0.0
4	0.0
5	0.0
6	0.0
7	0.0
8	0.0
9	0.0
10	0.0
11	0.0
12	0.0
13	1.0
14	7.0
15	56.0
16	286.0
17	1176.0
18	3450.0
19	5987.0
20	8004.0
21	9492.0
22	11300.0
23	13028.0
24	14355.0
25	15969.0
26	17867.0
27	19636.0
28	22048.0
29	24482.0
30	28018.0
31	31915.0
32	37907.0
33	46260.0
34	59845.0
35	85015.0
36	153138.0
37	372299.0
38	93773.0
>>END_MODULE
>>Per base sequence content	fail
#Base	G	A	T	C
1	42.492704456558734	20.61509475371845	13.227206192795778	23.664994596927038
2	17.843970575926942	18.799136993053168	37.52071495661716	25.83617747440273
3	20.592480308004205	25.178320670318328	28.53456212627056	25.69463689540691
4	14.341977392460745	17.349496189453227	37.48090076768917	30.82762565039686
5	16.018059992281263	34.5927899526181	34.070519527017915	15.31863052808273
6	30.493771476664545	35.998679432155825	18.70249559423228	14.805053496947348
7	25.767785734213707	29.119687529061654	23.478285129731237	21.6342416069934
8	25.815379378906478	32.63303068826566	19.48308234841165	22.068507584416214
9	24.61243878532224	15.342402312254839	20.500058587538152	39.54510031488477
10-14	27.222392715058113	20.713261428754766	24.79193984268781	27.27240601349931
15-19	26.380015511748194	24.76422700718116	23.18007577321601	25.675681707854636
20-24	26.130049434082437	23.87900926479823	23.86081746293932	26.130123838180015
25-29	26.34348209667078	23.729479403652036	23.669157123079216	26.257881376597968
30-34	26.298160351302037	23.705150309583992	23.670723156212976	26.325966182900995
35-39	26.383423113882724	23.72186464661051	23.62949129152242	26.265220947984346
40-44	26.38932076408727	23.69274173763712	23.54080866424916	26.377128834026447
45-49	26.415594488599364	23.634338989471935	23.592008551271576	26.35805797065712
50-59	26.451912291416967	23.59410382477033	23.560138990514126	26.393844893298578
60-69	26.455712848164058	23.604254206012733	23.538617076682698	26.40141586914051
70-79	26.491213391979016	23.535830935295472	23.48473982806979	26.488215844655716
80-89	26.52560340434898	23.533318902081025	23.466419921547736	26.47465777202226
90-99	26.53302381868512	23.48199742481964	23.44504131419704	26.539937442298207
100-109	26.57913677799741	23.46190196354594	23.36227252638378	26.59668873207287
110-119	26.578870478112304	23.419280695833393	23.39506450735553	26.60678431869877
120-129	26.587628287613242	23.422412496007972	23.385768096158394	26.604191120220396
130-139	26.649818421603616	23.397010113359148	23.33203176077698	26.621139704260255
140-149	26.621369955842866	23.40925240012237	23.341405853572528	26.62797179046224
150-159	26.63793663878043	23.39363589598877	23.302714825883317	26.66571263934749
160-169	26.655579664963774	23.330923555475636	23.29611138888508	26.717385390675506
170-179	26.67846931368573	23.326386924620955	23.281370873475396	26.713772888217914
180-189	26.704340417327277	23.34655421211683	23.258802230504905	26.690303140050993
190-199	26.730078439184012	23.29419951084755	23.250556873399308	26.725165176569128
200-209	26.75403796418012	23.27213573404026	23.19766188440864	26.77616441737098
210-219	26.78076696198179	23.280947282196944	23.17303471932949	26.765251036491776
220-229	26.805149524065747	23.194131777238862	23.143080213242694	26.8576384854527
230-239	26.863158071515752	23.174838345435713	23.073395197806114	26.888608385242424
240-249	26.981515550096425	23.19775237851989	23.039809265424406	26.78092280595928
250-251	33.59884594025309	28.569304376686155	23.43132325831288	14.400526424747879
>>END_MODULE
>>Per base GC content	fail
#Base	%GC
1	66.15769905348577
2	43.68014805032967
3	46.28711720341111
4	45.16960304285761
5	31.33669052036399
6	45.29882497361189
7	47.4020273412071
8	47.883886963322695
9	64.157539100207
10-14	54.49479872855743
15-19	52.055697219602834
20-24	52.26017327226244
25-29	52.60136347326875
30-34	52.62412653420303
35-39	52.64864406186708
40-44	52.76644959811372
45-49	52.77365245925648
50-59	52.845757184715545
60-69	52.85712871730457
70-79	52.979429236634736
80-89	53.00026117637123
90-99	53.07296126098332
100-109	53.175825510070275
110-119	53.18565479681108
120-129	53.19181940783364
130-139	53.27095812586388
140-149	53.2493417463051
150-159	53.30364927812792
160-169	53.372965055639284
170-179	53.39224220190365
180-189	53.39464355737826
190-199	53.45524361575315
200-209	53.530202381551106
210-219	53.54601799847357
220-229	53.66278800951845
230-239	53.751766456758176
240-249	53.76243835605571
250-251	47.99937236500097
>>END_MODULE
>>Per sequence GC content	warn
#GC Content	Count
0	709.0
1	354.5
2	0.0
3	0.0
4	0.0
5	0.0
6	0.0
7	0.0
8	0.0
9	0.0
10	0.0
11	0.0
12	0.0
13	0.0
14	1.0
15	3.0
16	3.5
17	6.5
18	11.0
19	14.333333333333334
20	21.999999999999996
21	28.999999999999996
22	46.0
23	77.83333333333333
24	107.3333333333333
25	155.16666666666669
26	226.50000000000017
27	315.16666666666674
28	455.99999999999864
29	638.1666666666675
30	831.6666666666705
31	1037.833333333343
32	1306.499999999994
33	1710.166666666633
34	2154.833333333286
35	2672.6666666666993
36	3320.166666666826
37	4042.166666666983
38	4931.333333333326
39	5955.166666666198
40	7072.999999998927
41	8297.833333331768
42	9739.333333333232
43	11232.000000001519
44	13049.500000003567
45	15257.666666672761
46	17759.166666671023
47	20716.499999997388
48	23935.16666665622
49	27631.999999979915
50	31963.166666634595
51	36486.499999985455
52	39965.16666667085
53	42733.50000001911
54	44273.00000002772
55	43929.00000002594
56	41981.33333334869
57	37899.999999992586
58	33030.66666663255
59	27987.66666664417
60	22875.99999999131
61	18083.833333337203
62	13697.500000004846
63	10014.666666666904
64	6800.499999998966
65	4709.50000000008
66	3203.0000000001937
67	2131.6666666665856
68	1416.6666666666374
69	972.3333333333558
70	632.3333333333351
71	428.6666666666633
72	284.0000000000006
73	194.33333333333402
74	124.33333333333297
75	71.66666666666671
76	55.333333333333414
77	43.66666666666669
78	30.333333333333307
79	22.16666666666666
80	14.33333333333334
81	10.0
82	8.833333333333332
83	6.333333333333332
84	5.333333333333332
85	1.833333333333333
86	2.6666666666666665
87	2.6666666666666665
88	2.6666666666666665
89	1.3333333333333333
90	1.3333333333333333
91	1.3333333333333333
92	0.6666666666666666
93	0.3333333333333333
94	1.3333333333333333
95	1.3333333333333333
96	0.6666666666666666
97	0.3333333333333333
98	1.3333333333333333
99	1.3333333333333333
100	4.0
>>END_MODULE
>>Per base N content	pass
#Base	N-Count
1	0.06589078486240535
2	0.06626252412820172
3	0.06626252412820172
4	0.06672719821044718
5	0.06672719821044718
6	0.06765654637493809
7	0.06719187229269263
8	0.0674706767420399
9	0.06589078486240535
10-14	0.06589078486240535
15-19	0.06589078486240535
20-24	0.07559317969969043
25-29	0.07419915745295406
30-34	0.06589078486240535
35-39	0.013229002215067108
40-44	0.0016591189183737727
45-49	0.0
50-59	2.9999211583220576E-4
60-69	0.0
70-79	0.0
80-89	0.0
90-99	0.0019546492487840014
100-109	1.9426619441849912E-5
110-119	0.0
120-129	0.0
130-139	5.314559235024349E-4
140-149	2.4375945329629814E-4
150-159	2.781713387088399E-4
160-169	5.128645263120436E-4
170-179	2.662404263936275E-4
180-189	4.3425432886427725E-5
190-199	1.885447109936761E-4
200-209	3.5193311181982116E-4
210-219	1.3978291712969757E-4
220-229	2.395656578796379E-4
230-239	3.7045566664423354E-5
240-249	1.2796167291972709E-5
250-251	8.215111039548365E-5
>>END_MODULE
>>Sequence Length Distribution	warn
#Length	Count
35-39	2361.0
40-44	2090.0
45-49	2480.0
50-54	2618.0
55-59	2957.0
60-64	2950.0
65-69	3288.0
70-74	3387.0
75-79	3634.0
80-84	3793.0
85-89	4049.0
90-94	4243.0
95-99	4422.0
100-104	4678.0
105-109	4917.0
110-114	5075.0
115-119	5279.0
120-124	5450.0
125-129	5624.0
130-134	6050.0
135-139	6198.0
140-144	6491.0
145-149	6823.0
150-154	7190.0
155-159	7565.0
160-164	7697.0
165-169	8158.0
170-174	8301.0
175-179	8857.0
180-184	9120.0
185-189	9644.0
190-194	9876.0
195-199	10260.0
200-204	10640.0
205-209	11158.0
210-214	11323.0
215-219	11694.0
220-224	12025.0
225-229	12377.0
230-234	12716.0
235-239	12950.0
240-244	13251.0
245-249	64262.0
250-252	718102.0
>>END_MODULE
>>Sequence Duplication Levels	warn
#Total Duplicate Percentage	32.95865933450686
#Duplication Level	Relative count
1	100.0
2	27.2150151807894
3	8.94074184165269
4	3.2010587627479707
5	1.2172940685223324
6	0.49541037672420507
7	0.22151921130668026
8	0.11535984486577917
9	0.06440334897414665
10++	0.07501928561823676
>>END_MODULE
>>Overrepresented sequences	pass
>>END_MODULE
>>Kmer Content	warn
#Sequence	Count	Obs/Exp Overall	Obs/Exp Max	Max Obs/Exp Position
TTTTT	632840	3.6660783	4.4696345	2
AAAAA	632965	3.641171	4.385016	240-247
CAGCG	705660	2.5259364	7.189359	9
TTTAT	383280	2.21725	8.31043	3
ATAAA	384550	2.2152536	9.444823	3
AAAAC	430355	2.20404	5.169052	5
GTTTT	428480	2.196244	6.7195206	1
CAGCA	541580	2.1879532	5.640538	4
TGCTG	540400	2.1788614	5.5344114	2
TTTTA	361250	2.089808	7.3632603	2
TAAAA	359310	2.0698552	6.602332	4
TTATC	397655	2.0451586	6.4597297	4
GATAA	400625	2.0448442	5.334748	2
TTATT	324945	1.8797859	7.1037626	4
AATAA	322085	1.8554153	7.577823	2
ATATT	305930	1.7673041	7.7675166	1
AATAT	301035	1.7365887	6.2234445	5
TCCAG	420080	1.6994824	6.74639	2
CTGGA	416870	1.6784393	6.0729966	4
TTTAC	325120	1.6721076	5.133178	3
TACCG	406535	1.6446846	7.059437	7
GTAAA	320760	1.6372025	5.1515803	3
TTCAG	358925	1.6333019	5.235834	2
CTGCG	454490	1.6291481	5.4749613	9
TTAAA	282200	1.6279347	5.9452653	4
TTTAA	280880	1.6225948	6.0443096	2
ATTAA	280470	1.6179549	7.3426294	3
TTAAT	276770	1.5988518	6.193311	3
ATTAT	274640	1.5865473	7.1715436	3
ATAAT	273580	1.5782083	7.2261825	3
AACAG	325265	1.4759834	6.0862684	7
ACCGC	408695	1.4699616	5.380694	8
CAATA	282350	1.4480705	6.136802	4
TATTG	282415	1.4455347	7.4506	2
CTTTA	280305	1.4416218	6.1598134	2
AACTG	315810	1.4350904	5.422141	7
TAAAG	275590	1.4066486	6.4738193	4
ATTGA	271675	1.3886127	5.2046685	3
CATTA	270005	1.3867016	6.0878224	2
GAATA	270420	1.3802602	7.3781734	1
TATTC	267850	1.3775653	5.807989	5
GTTAT	268030	1.3719054	5.4645133	1
TAATG	264120	1.3499968	5.77787	4
AATAC	255475	1.3102385	7.798973	5
GTATT	255045	1.3054419	10.601844	1
GTTTA	253480	1.2974315	6.5665994	1
TCCTG	319955	1.2962325	5.6518435	2
TAAAC	248865	1.2763381	5.1302977	5
ATTAC	248365	1.2755622	5.488831	3
CAGGA	316835	1.2738808	5.1221204	4
ATACC	278605	1.2721025	6.8972597	6
TATCC	275995	1.2619545	5.3276267	5
GGATA	276325	1.2496656	5.5382185	1
ACAGC	306475	1.238142	5.346052	8
TATTA	205945	1.1897084	10.080328	2
GTTCA	260160	1.1838679	5.501172	1
TAATA	204865	1.1818103	7.8860483	4
CATAA	228035	1.1695087	5.3661075	2
ACCGT	285600	1.1554279	5.5486445	8
TACTG	244060	1.1106043	5.593055	7
TTATA	148160	0.8558945	5.64913	4
TATAA	145070	0.8368692	6.6892323	2
TATAC	117200	0.60192007	5.1662974	5
GTATA	112205	0.5735135	7.405727	1
>>END_MODULE
