##FastQC	0.10.1
>>Basic Statistics	pass
#Measure	Value	
Filename	SRR10740739_1.fastq	
File type	Conventional base calls	
Encoding	Sanger / Illumina 1.9	
Total Sequences	1076023	
Filtered Sequences	0	
Sequence length	35-251	
%GC	52	
>>END_MODULE
>>Per base sequence quality	pass
#Base	Mean	Median	Lower Quartile	Upper Quartile	10th Percentile	90th Percentile
1	32.64900936132406	33.0	32.0	34.0	32.0	34.0
2	32.69430300281685	33.0	32.0	34.0	32.0	34.0
3	32.96506673184495	33.0	32.0	34.0	32.0	34.0
4	33.01981834960777	33.0	33.0	34.0	32.0	34.0
5	32.95861612623522	33.0	33.0	34.0	32.0	34.0
6	35.531004448789666	37.0	34.0	37.0	33.0	37.0
7	35.513739947937914	37.0	34.0	37.0	33.0	37.0
8	35.48346271408697	37.0	34.0	37.0	33.0	37.0
9	35.49802188243188	37.0	34.0	37.0	33.0	37.0
10-14	36.04105971712501	37.4	35.6	37.4	34.6	37.4
15-19	37.26433672886175	38.0	38.0	38.0	36.8	38.0
20-24	37.48393370773673	38.0	38.0	38.4	37.0	38.4
25-29	37.710564922868755	38.0	38.0	39.0	36.8	39.0
30-34	37.660434024179786	38.0	38.0	39.0	36.2	39.0
35-39	37.65425427828778	38.0	38.0	39.0	36.0	39.0
40-44	37.676209109847	38.0	38.0	39.0	36.4	39.0
45-49	37.670538108244656	38.0	38.0	39.0	36.2	39.0
50-59	37.58115598370547	38.0	38.0	39.0	36.0	39.0
60-69	37.54231062965922	38.0	38.0	39.0	36.0	39.0
70-79	37.34137816112543	38.0	38.0	39.0	36.0	39.0
80-89	37.33660185123524	38.0	38.0	39.0	36.0	39.0
90-99	37.22550024242098	38.0	38.0	39.0	35.1	39.0
100-109	37.113793943646314	38.0	38.0	39.0	34.6	39.0
110-119	37.01285101907154	38.0	38.0	39.0	34.1	39.0
120-129	36.851127490367936	38.0	38.0	39.0	34.0	39.0
130-139	36.63264963664522	38.0	37.4	39.0	33.7	39.0
140-149	36.40509633171921	38.0	37.0	39.0	33.2	39.0
150-159	36.12586500561906	38.0	37.0	38.4	32.5	39.0
160-169	35.80609019885208	37.4	37.0	38.0	32.0	39.0
170-179	35.50605600004893	37.0	37.0	38.0	31.4	38.9
180-189	35.29110741503905	37.0	37.0	37.7	31.0	38.0
190-199	35.02821454214237	37.0	37.0	37.0	30.4	38.0
200-209	34.68982987308078	37.0	37.0	37.0	27.5	37.8
210-219	34.47586964188819	37.0	36.7	37.0	26.1	37.0
220-229	34.27115117244322	37.0	36.2	37.0	25.6	37.0
230-239	34.0905264242906	37.0	35.5	37.0	24.9	37.0
240-249	33.770988239777026	37.0	34.4	37.0	24.1	37.0
250-251	31.7331620672253	36.0	29.0	37.0	18.5	37.0
>>END_MODULE
>>Per sequence quality scores	pass
#Quality	Count
2	711.0
3	0.0
4	0.0
5	0.0
6	0.0
7	0.0
8	0.0
9	0.0
10	0.0
11	0.0
12	0.0
13	0.0
14	0.0
15	0.0
16	5.0
17	16.0
18	137.0
19	460.0
20	1038.0
21	1765.0
22	2758.0
23	3827.0
24	4991.0
25	6410.0
26	7930.0
27	9639.0
28	11782.0
29	13967.0
30	17068.0
31	19809.0
32	24049.0
33	29567.0
34	39151.0
35	55703.0
36	101977.0
37	522312.0
38	200951.0
>>END_MODULE
>>Per base sequence content	fail
#Base	G	A	T	C
1	41.872219411668425	20.99297692204681	13.28070364694154	23.854100019343225
2	17.94000252949842	19.342572202300357	36.736221673337596	25.98120359486363
3	20.675859657476156	25.298425015251386	28.463645899980655	25.5620694272918
4	14.783523293704526	17.803948993408426	36.88203981728094	30.53048789560611
5	15.913334920469593	34.867740711533024	34.007711250316184	15.211213117681194
6	30.359560760039876	36.43537875518919	18.576468969006203	14.628591515764727
7	25.715420268722006	29.260065915752826	23.54637537756484	21.478138437960332
8	25.91294433615546	32.87836460487747	19.414179326558244	21.79451173240883
9	24.748073117383605	15.347452646301724	20.44197405032214	39.46250018599253
10-14	27.25320818754608	20.814439578049594	24.769108700811447	27.16324353359288
15-19	26.36004298660965	24.92386392930198	23.193742167386645	25.522350916701726
20-24	26.13736292350499	23.9554287499814	23.873964021604895	26.033244304908713
25-29	26.315041587929827	23.789951195559986	23.732460904370082	26.162546312140105
30-34	26.40385302126267	23.719162438436474	23.66544779561653	26.211536744684334
35-39	26.458314685839113	23.75816992855924	23.61311490906939	26.170400476532258
40-44	26.43398508485496	23.732730921149276	23.552834973710958	26.280449020284806
45-49	26.436117458070374	23.670842115862317	23.620271935679664	26.272768490387648
50-59	26.50287179164098	23.645836614630912	23.5456726622536	26.305618931474505
60-69	26.484565115620935	23.67888924564761	23.5349770085448	26.30156863018665
70-79	26.513337232262835	23.622826477241304	23.502168364503426	26.36166792599244
80-89	26.532245567432295	23.594563004838655	23.49007228270143	26.383119145027617
90-99	26.526968360642968	23.568730031537374	23.45977590734836	26.444525700471306
100-109	26.595348226294146	23.539000466708455	23.410218466965706	26.455432840031694
110-119	26.59282178023555	23.530211608402805	23.390304172363294	26.486662438998355
120-129	26.580151857346344	23.5129321072056	23.408584467352096	26.498331568095956
130-139	26.61505188480361	23.48722700174643	23.37328618536319	26.52443492808677
140-149	26.609703228481447	23.493902073427144	23.370419187356394	26.525975510735012
150-159	26.622675808781015	23.483063911495357	23.336218081162247	26.558042198561377
160-169	26.604774599723697	23.450975823603418	23.36457654874131	26.579673027931577
170-179	26.631379946067618	23.43761895673147	23.33695157281458	26.59404952438633
180-189	26.66034688964649	23.47935258603601	23.31024526976325	26.550055254554245
190-199	26.62534508591763	23.418139713074794	23.359344930539354	26.597170270468222
200-209	26.664987864927348	23.450682106178213	23.297085408165692	26.587244620728747
210-219	26.664626825378324	23.468549400423456	23.305763518167353	26.56106025603087
220-229	26.66529116729579	23.46606340506394	23.27944409281202	26.589201334828243
230-239	26.695587061013082	23.432354924203587	23.279264499812026	26.59279351497131
240-249	26.783812793389732	23.54209870351832	23.237221874764014	26.43686662832793
250-251	32.56926592402171	29.362540935148097	24.275954378483224	13.79223876234697
>>END_MODULE
>>Per base GC content	fail
#Base	%GC
1	65.72631943101165
2	43.921206124362044
3	46.237929084767956
4	45.31401118931064
5	31.12454803815079
6	44.9881522758046
7	47.19355870668234
8	47.707456068564284
9	64.21057330337614
10-14	54.416451721138955
15-19	51.882393903311375
20-24	52.170607228413715
25-29	52.477587900069935
30-34	52.61538976594699
35-39	52.628715162371364
40-44	52.71443410513976
45-49	52.70888594845802
50-59	52.80849072311548
60-69	52.78613374580758
70-79	52.87500515825527
80-89	52.91536471245991
90-99	52.971494061114264
100-109	53.05078106632584
110-119	53.079484219233905
120-129	53.0784834254423
130-139	53.13948681289038
140-149	53.135678739216466
150-159	53.1807180073424
160-169	53.184447627655274
170-179	53.225429470453946
180-189	53.21040214420074
190-199	53.222515356385856
200-209	53.252232485656094
210-219	53.22568708140919
220-229	53.25449250212404
230-239	53.2883805759844
240-249	53.22067942171766
250-251	46.361504686368676
>>END_MODULE
>>Per sequence GC content	warn
#GC Content	Count
0	711.0
1	355.5
2	0.0
3	0.0
4	0.0
5	0.0
6	0.0
7	0.0
8	0.0
9	0.0
10	0.0
11	0.0
12	0.0
13	0.0
14	1.0
15	3.0
16	4.0
17	8.0
18	13.0
19	16.0
20	23.5
21	29.5
22	46.833333333333336
23	77.83333333333333
24	102.33333333333333
25	142.5
26	226.00000000000003
27	330.99999999999994
28	441.9999999999995
29	619.6666666666667
30	820.3333333333363
31	990.3333333333419
32	1296.1666666666624
33	1711.666666666634
34	2148.999999999954
35	2704.000000000044
36	3323.333333333496
37	4032.166666666997
38	4974.4999999999645
39	5960.666666666178
40	7063.666666665592
41	8364.166666665174
42	9821.333333333332
43	11193.50000000145
44	13006.166666670166
45	15291.333333339471
46	17874.833333337312
47	20821.833333330524
48	24258.333333322098
49	28207.833333311904
50	32636.666666633162
51	36973.49999998783
52	40479.00000000677
53	43485.66666668975
54	44995.500000031796
55	44508.16666669632
56	42382.50000001744
57	38163.66666666097
58	33232.16666663382
59	27867.499999978078
60	22659.66666665854
61	17587.500000005093
62	13131.166666670757
63	9238.833333332675
64	6278.999999999258
65	4255.333333333656
66	2823.3333333334194
67	1867.9999999999325
68	1235.9999999999952
69	832.3333333333442
70	514.6666666666617
71	317.4999999999998
72	227.00000000000102
73	135.99999999999991
74	80.16666666666661
75	53.000000000000036
76	37.833333333333336
77	22.499999999999996
78	15.333333333333337
79	10.499999999999998
80	5.333333333333333
81	1.6666666666666665
82	2.333333333333333
83	1.8333333333333333
84	1.6666666666666665
85	0.8333333333333333
86	0.0
87	0.6666666666666666
88	0.3333333333333333
89	0.0
90	0.0
91	0.0
92	0.0
93	0.0
94	0.0
95	0.0
96	0.0
97	0.0
98	0.0
99	0.0
100	0.0
>>END_MODULE
>>Per base N content	pass
#Base	N-Count
1	0.06607665449530355
2	0.06607665449530355
3	0.06607665449530355
4	0.06607665449530355
5	0.06607665449530355
6	0.06607665449530355
7	0.06607665449530355
8	0.06607665449530355
9	0.06607665449530355
10-14	0.06615100234846281
15-19	0.06611382842188318
20-24	0.06607665449530355
25-29	0.06607665449530355
30-34	0.06607665449530355
35-39	0.013229053904952503
40-44	0.0
45-49	0.0
50-59	0.0
60-69	0.0
70-79	0.0
80-89	0.0012419882206015655
90-99	0.0
100-109	2.4287433419644395E-4
110-119	9.123674945633197E-4
120-129	4.362672104935749E-4
130-139	0.0
140-149	3.760060575592105E-4
150-159	1.340302770271796E-4
160-169	7.962037841680117E-4
170-179	8.316905667523379E-4
180-189	0.0
190-199	1.1114313268256066E-4
200-209	6.716679747115869E-4
210-219	6.196651797040713E-4
220-229	4.33352649626438E-4
230-239	1.6156618782591317E-4
240-249	0.0026332981323332998
250-251	8.303268581677178E-5
>>END_MODULE
>>Sequence Length Distribution	warn
#Length	Count
35-39	2373.0
40-44	2106.0
45-49	2489.0
50-54	2625.0
55-59	2962.0
60-64	2947.0
65-69	3295.0
70-74	3392.0
75-79	3652.0
80-84	3811.0
85-89	4077.0
90-94	4253.0
95-99	4443.0
100-104	4702.0
105-109	4948.0
110-114	5111.0
115-119	5314.0
120-124	5509.0
125-129	5666.0
130-134	6102.0
135-139	6254.0
140-144	6556.0
145-149	6894.0
150-154	7272.0
155-159	7639.0
160-164	7823.0
165-169	8276.0
170-174	8444.0
175-179	8985.0
180-184	9308.0
185-189	9870.0
190-194	10098.0
195-199	10483.0
200-204	10954.0
205-209	11514.0
210-214	11697.0
215-219	12154.0
220-224	12512.0
225-229	12917.0
230-234	13290.0
235-239	13485.0
240-244	14142.0
245-249	71311.0
250-252	704368.0
>>END_MODULE
>>Sequence Duplication Levels	warn
#Total Duplicate Percentage	35.88344763740105
#Duplication Level	Relative count
1	100.0
2	30.41585325426351
3	10.41290655272754
4	3.8351320490625804
5	1.493241003351873
6	0.588603631809643
7	0.285830048988913
8	0.13481159527054404
9	0.06851081071126008
10++	0.10018785222291797
>>END_MODULE
>>Overrepresented sequences	pass
>>END_MODULE
>>Kmer Content	warn
#Sequence	Count	Obs/Exp Overall	Obs/Exp Max	Max Obs/Exp Position
TTTTT	615910	3.5290003	4.0577683	240-247
AAAAA	624235	3.507741	4.263091	15-19
CAGCG	734405	2.6541328	7.4069285	9
CAGCA	554025	2.2442987	5.6846323	4
TGCTG	545015	2.208307	5.6496344	2
ATAAA	386580	2.18077	8.977688	3
TTTAT	381120	2.17523	7.6641254	3
AAAAC	429240	2.1681917	5.2498326	5
GTTTT	424515	2.1615846	5.9593034	1
TTATC	402285	2.055911	6.2673593	4
TTTTA	356565	2.035083	7.0440917	2
GATAA	404295	2.0347195	5.546273	2
TAAAA	360250	2.0322373	6.8485665	4
TTATT	322920	1.8430554	6.8715053	4
AATAA	322715	1.8204955	7.619346	2
ATATT	306970	1.7452127	7.6852803	1
AATAT	304805	1.72617	5.955621	5
TCCAG	423530	1.7223701	6.462859	2
CTGGA	426375	1.7208846	5.984777	4
TACCG	409985	1.6672866	6.9593015	7
GTAAA	327080	1.6461151	5.0502653	3
CTGCG	452720	1.642509	5.6398497	9
TTTAA	280395	1.5941262	6.0297933	2
TTAAT	279255	1.5876449	6.322687	3
ATTAA	280270	1.5872233	7.642729	3
TTAAA	279920	1.5852412	5.9112225	4
ATTAT	277385	1.5770135	7.736218	3
ATAAT	274935	1.5570103	6.894313	3
AACAG	328860	1.4819868	5.930224	7
ACCGC	401885	1.4634273	5.342452	8
TATTG	285045	1.4457779	6.9075136	2
AACTG	319405	1.4449937	5.2186894	7
CAATA	283145	1.4358114	5.9120655	4
CTTTA	278360	1.4225819	6.0956507	2
TAAAG	281605	1.4172503	6.0591908	4
TATTC	269415	1.3768678	5.9353895	5
CATTA	270190	1.3754625	6.596489	2
GAATA	273105	1.3744717	7.0173883	1
GTTAT	270270	1.3708377	5.186316	1
TAATG	271130	1.3698555	5.5905447	4
AATAC	257825	1.3074151	7.4624915	5
GTATT	257635	1.3067517	9.2422085	1
TCCTG	316870	1.2936429	5.349573	2
TAAAC	252385	1.2798293	5.622425	5
ATACC	279900	1.2758788	6.942972	6
GTTTA	250920	1.2726924	6.089519	1
TATCC	277000	1.2675856	5.1147933	5
ATTAC	247365	1.2592666	5.6899705	3
GGATA	280100	1.2576362	5.2749386	1
ACAGC	308125	1.2481829	5.421497	8
GTTCA	267500	1.2148958	5.2085304	1
ACCGT	288015	1.1712711	5.688591	8
TAATA	205915	1.1661366	7.79495	4
TATTA	204465	1.1624423	10.041165	2
TACTG	245195	1.113594	5.6103606	7
TTATA	144375	0.8208134	5.7942047	4
TATAA	143645	0.81348944	6.507419	2
ATATA	120915	0.68476516	5.2135468	1
TATAC	114160	0.5811569	5.496124	5
GTATA	113280	0.5723352	6.478921	1
>>END_MODULE
