##FastQC	0.10.1
>>Basic Statistics	pass
#Measure	Value	
Filename	SRR10740742_2.fastq.gz	
File type	Conventional base calls	
Encoding	Sanger / Illumina 1.9	
Total Sequences	962288	
Filtered Sequences	0	
Sequence length	35-251	
%GC	52	
>>END_MODULE
>>Per base sequence quality	pass
#Base	Mean	Median	Lower Quartile	Upper Quartile	10th Percentile	90th Percentile
1	31.929800641803702	33.0	32.0	33.0	31.0	34.0
2	32.178038175681294	33.0	32.0	34.0	32.0	34.0
3	32.27924488302878	33.0	32.0	34.0	32.0	34.0
4	32.412267429293514	33.0	32.0	34.0	32.0	34.0
5	32.31753383602414	33.0	32.0	34.0	32.0	34.0
6	35.00849537768319	37.0	34.0	37.0	32.0	37.0
7	34.84339095987895	37.0	34.0	37.0	32.0	37.0
8	34.924072626905875	37.0	34.0	37.0	32.0	37.0
9	35.03875347089437	37.0	34.0	37.0	33.0	37.0
10-14	35.73352780040903	37.4	35.6	37.4	34.0	37.4
15-19	37.00142867831668	38.0	38.0	38.0	36.0	38.0
20-24	37.13608711737027	38.0	38.0	38.4	36.0	38.4
25-29	37.33854438588032	38.0	38.0	39.0	36.0	39.0
30-34	37.33143861297241	38.0	38.0	39.0	36.0	39.0
35-39	37.32734700623818	38.0	38.0	39.0	36.0	39.0
40-44	37.247389699414896	38.0	38.0	39.0	36.0	39.0
45-49	37.16514519423164	38.0	38.0	39.0	36.0	39.0
50-59	37.073739659937935	38.0	38.0	39.0	36.0	39.0
60-69	37.04051205592489	38.0	38.0	39.0	35.8	39.0
70-79	36.979398042507604	38.0	38.0	39.0	34.9	39.0
80-89	36.79634469515852	38.0	38.0	39.0	34.0	39.0
90-99	36.56010322387816	38.0	37.8	39.0	33.3	39.0
100-109	36.49040227639556	38.0	38.0	39.0	33.0	39.0
110-119	36.36033843245805	38.0	37.5	39.0	32.6	39.0
120-129	36.118197632782504	38.0	37.0	39.0	31.3	39.0
130-139	35.83871447513059	38.0	37.0	39.0	30.2	39.0
140-149	35.56531597482724	38.0	37.0	39.0	29.0	39.0
150-159	35.21194413937137	38.0	37.0	38.0	26.3	39.0
160-169	34.79718831550207	37.1	36.3	38.0	25.4	39.0
170-179	34.39724204999344	37.0	35.6	38.0	24.2	38.6
180-189	33.99494134862253	37.0	34.6	37.4	24.0	38.0
190-199	33.59800802450801	37.0	33.4	37.0	22.2	38.0
200-209	33.20495188927704	37.0	33.0	37.0	14.6	37.5
210-219	32.745014938017206	37.0	32.8	37.0	14.0	37.0
220-229	32.21692473559039	37.0	32.0	37.0	14.0	37.0
230-239	31.666677000552596	37.0	30.2	37.0	14.0	37.0
240-249	31.004392378865912	37.0	26.4	37.0	13.4	37.0
250-251	27.423372301567532	30.5	20.0	36.0	12.5	37.0
>>END_MODULE
>>Per sequence quality scores	pass
#Quality	Count
2	627.0
3	0.0
4	0.0
5	0.0
6	0.0
7	0.0
8	0.0
9	0.0
10	0.0
11	0.0
12	0.0
13	0.0
14	13.0
15	88.0
16	249.0
17	677.0
18	1615.0
19	2696.0
20	3649.0
21	4570.0
22	5735.0
23	6758.0
24	7938.0
25	9252.0
26	10438.0
27	12125.0
28	14139.0
29	16208.0
30	19093.0
31	22600.0
32	27166.0
33	34081.0
34	45042.0
35	65864.0
36	124001.0
37	393977.0
38	133687.0
>>END_MODULE
>>Per base sequence content	fail
#Base	G	A	T	C
1	42.53016395590546	20.67412528947311	13.107217616186992	23.68849313843444
2	17.8055838920033	18.8702024314232	37.687995432892535	25.636218243680975
3	20.564795384637783	25.384908148219015	28.67474715543364	25.375549311709566
4	14.3722020891068	17.471650435967163	37.440038267362	30.716109207564042
5	15.937021007555732	34.826247278127056	34.061627154881066	15.17510455943614
6	30.467941645340186	36.22489567269147	18.695204115482245	14.611958566486106
7	25.757842031102957	29.197572908921693	23.588434401468316	21.45615065850704
8	26.000578176539342	32.57931209470449	19.477374163411824	21.94273556534435
9	24.793352335178405	15.33814930625241	20.471975051499435	39.39652330706975
10-14	27.21830249952946	20.72749128851019	24.886878016265605	27.16732819569474
15-19	26.31340981905266	24.80061061018384	23.287083494079514	25.598896076683985
20-24	26.127375186618462	23.890220714160623	23.94290442181243	26.039499677408486
25-29	26.31520273045777	23.706417553299357	23.75469141438669	26.223688301856185
30-34	26.265263954761604	23.735203985604077	23.718545308585874	26.280986751048445
35-39	26.346318069152414	23.787310793017173	23.67584243197038	26.19052870586003
40-44	26.38267791909558	23.69741266957233	23.62974633672068	26.29016307461141
45-49	26.33539604555027	23.657094130576514	23.731565680251126	26.275944143622095
50-59	26.3953863374157	23.64674019483469	23.61924995900579	26.338623508743826
60-69	26.396845414758392	23.65973725355857	23.623519706615728	26.319897625067306
70-79	26.40756038996473	23.584161996713153	23.610183417053964	26.398094196268158
80-89	26.45952386070013	23.582058046139075	23.552297869532797	26.406120223627997
90-99	26.466828728519076	23.521566665012976	23.56661540220315	26.4449892042648
100-109	26.521270110507743	23.50866601197053	23.487517976374747	26.48254590114698
110-119	26.517242377746193	23.500730416562583	23.46619402713127	26.515833178559962
120-129	26.535230031203177	23.444360945667857	23.49602442038263	26.524384602746338
130-139	26.527554855465528	23.444274143790892	23.494727643216905	26.533443357526675
140-149	26.574627204020107	23.461075583047002	23.43506609406	26.529231118872893
150-159	26.571421631923936	23.399911207703678	23.442065362059815	26.58660179831257
160-169	26.566128107493412	23.382548606521	23.446289008554597	26.605034277430995
170-179	26.61528101051726	23.391300032041524	23.370230964182344	26.623187993258874
180-189	26.62656214137132	23.413012397446995	23.384191267633785	26.576234193547904
190-199	26.6505884363473	23.38239369774335	23.363512018029123	26.60350584788023
200-209	26.68618176137737	23.33499396788572	23.333766963012533	26.64505730772438
210-219	26.6888421517952	23.366967213618004	23.289607697203664	26.654582937383132
220-229	26.705998050130248	23.29880657159035	23.26201123588032	26.73318414239908
230-239	26.779421401801034	23.304003357607264	23.168432601188414	26.748142639403287
240-249	26.930323345362776	23.31698683927051	23.14568253154086	26.60700728382586
250-251	33.39819740908661	28.79507099381386	23.582288623571042	14.22444297352849
>>END_MODULE
>>Per base GC content	fail
#Base	%GC
1	66.21865709433989
2	43.44180213568427
3	45.94034469634735
4	45.08831129667084
5	31.11212556699187
6	45.07990021182629
7	47.21399268960999
8	47.94331374188369
9	64.18987564224815
10-14	54.385630695224194
15-19	51.912305895736644
20-24	52.166874864026944
25-29	52.53889103231395
30-34	52.54625070581005
35-39	52.53684677501245
40-44	52.67284099370699
45-49	52.61134018917236
50-59	52.73400984615952
60-69	52.7167430398257
70-79	52.80565458623288
80-89	52.86564408432813
90-99	52.911817932783876
100-109	53.00381601165473
110-119	53.03307555630615
120-129	53.059614633949515
130-139	53.0609982129922
140-149	53.103858322893
150-159	53.15802343023651
160-169	53.17116238492441
170-179	53.23846900377613
180-189	53.20279633491922
190-199	53.25409428422753
200-209	53.33123906910174
210-219	53.34342508917833
220-229	53.43918219252933
230-239	53.52756404120432
240-249	53.53733062918863
250-251	47.6226403826151
>>END_MODULE
>>Per sequence GC content	warn
#GC Content	Count
0	627.0
1	313.5
2	0.0
3	0.0
4	0.0
5	0.0
6	0.0
7	0.0
8	0.0
9	0.0
10	0.5
11	1.0
12	1.0
13	1.0
14	2.5
15	4.0
16	6.833333333333333
17	10.666666666666666
18	10.333333333333334
19	14.0
20	19.833333333333336
21	32.5
22	54.66666666666668
23	76.33333333333331
24	112.3333333333333
25	165.8333333333334
26	228.83333333333348
27	332.9999999999999
28	505.6666666666655
29	750.5000000000025
30	978.1666666666747
31	1217.3333333333346
32	1500.3333333333178
33	1834.3333333332946
34	2191.8333333332935
35	2708.500000000043
36	3358.1666666668207
37	4046.333333333633
38	4867.166666666693
39	5718.166666666277
40	6756.9999999991205
41	7973.999999998528
42	9230.499999999432
43	10561.166666667437
44	12112.500000002301
45	13943.500000004384
46	16258.666666673716
47	19048.83333333464
48	22006.66666666112
49	25312.99999998645
50	29201.83333331003
51	33129.16666663562
52	36327.83333331823
53	38691.49999999711
54	39729.50000000263
55	39495.66666666814
56	37767.33333332587
57	34252.66666664053
58	30187.833333306335
59	25454.999999985248
60	20843.666666663517
61	16521.500000007672
62	12531.666666669846
63	9160.499999999296
64	6288.999999999253
65	4292.666666666954
66	2912.8333333334394
67	1989.3333333332491
68	1352.3333333333192
69	856.333333333346
70	534.9999999999961
71	339.1666666666656
72	229.16666666666774
73	161.50000000000017
74	103.83333333333312
75	66.50000000000006
76	51.666666666666714
77	37.999999999999986
78	17.333333333333336
79	12.833333333333341
80	9.166666666666666
81	7.666666666666663
82	8.166666666666664
83	5.833333333333332
84	7.499999999999998
85	6.166666666666665
86	4.0
87	0.8333333333333333
88	0.3333333333333333
89	1.6666666666666665
90	1.3333333333333333
91	1.0
92	0.6666666666666666
93	1.0
94	1.3333333333333333
95	1.0
96	0.6666666666666666
97	0.0
98	1.3333333333333333
99	0.3333333333333333
100	1.5
>>END_MODULE
>>Per base N content	pass
#Base	N-Count
1	0.06515720865271103
2	0.06536504663884408
3	0.06546896563191061
4	0.06578072261111019
5	0.06588464160417672
6	0.06765126448630764
7	0.06681991254177544
8	0.06692383153484197
9	0.06515720865271103
10-14	0.06515720865271103
15-19	0.06515720865271103
20-24	0.07278486274379396
25-29	0.07180802420896862
30-34	0.06515720865271103
35-39	0.01304490296943186
40-44	0.001646812157309334
45-49	0.0
50-59	2.2017302874107267E-4
60-69	0.0
70-79	0.0
80-89	0.0
90-99	0.0018765461284157184
100-109	4.355927164541882E-5
110-119	0.0
120-129	0.0
130-139	4.520902448984159E-4
140-149	2.754748526467796E-4
150-159	3.85341200365864E-4
160-169	5.357308040807448E-4
170-179	2.3112665363517825E-4
180-189	1.370652803302725E-4
190-199	3.072263870599318E-4
200-209	4.6177389518286714E-4
210-219	1.7736718336001117E-4
220-229	2.2643232242151252E-4
230-239	1.1781064236547276E-4
240-249	3.0843402033412965E-5
250-251	4.976758537629272E-4
>>END_MODULE
>>Sequence Length Distribution	warn
#Length	Count
35-39	2127.0
40-44	1869.0
45-49	2278.0
50-54	2405.0
55-59	2661.0
60-64	2756.0
65-69	2982.0
70-74	3195.0
75-79	3488.0
80-84	3804.0
85-89	3718.0
90-94	4154.0
95-99	4343.0
100-104	4678.0
105-109	4782.0
110-114	5255.0
115-119	5365.0
120-124	5860.0
125-129	6051.0
130-134	6357.0
135-139	6623.0
140-144	6969.0
145-149	7236.0
150-154	7697.0
155-159	8084.0
160-164	8379.0
165-169	8771.0
170-174	9286.0
175-179	9506.0
180-184	10006.0
185-189	10534.0
190-194	10900.0
195-199	11490.0
200-204	11827.0
205-209	12442.0
210-214	12662.0
215-219	13139.0
220-224	13305.0
225-229	13497.0
230-234	14156.0
235-239	14278.0
240-244	14602.0
245-249	56878.0
250-252	591893.0
>>END_MODULE
>>Sequence Duplication Levels	warn
#Total Duplicate Percentage	32.00572088882153
#Duplication Level	Relative count
1	100.0
2	26.538927660997118
3	8.248707983339601
4	2.790895287447588
5	0.986947497457757
6	0.38586373577388666
7	0.1678576901110229
8	0.08636661233928149
9	0.039700781478540684
10++	0.05572039505760096
>>END_MODULE
>>Overrepresented sequences	pass
>>END_MODULE
>>Kmer Content	warn
#Sequence	Count	Obs/Exp Overall	Obs/Exp Max	Max Obs/Exp Position
TTTTT	572345	3.6735005	4.652048	240-247
AAAAA	563970	3.6467957	4.560829	240-247
CCAGC	623505	2.5761752	5.0514855	3
CAGCG	617990	2.5373871	7.273387	9
ATAAA	345560	2.2311678	9.377144	3
AAAAC	384430	2.2260003	5.3142877	5
TTTAT	345070	2.218074	8.561547	3
TGCTG	479930	2.1940036	5.887	2
GTTTT	382565	2.1882477	6.5066886	1
CAGCA	472430	2.1798189	5.6920953	4
TTTTA	328065	2.1087677	8.107203	2
TAAAA	323555	2.0890887	6.7601004	4
GATAA	356945	2.0508432	5.565021	2
TTATC	354860	2.0456207	5.889058	4
TTATT	294755	1.8946545	6.90745	4
AATAA	288140	1.8604258	7.0595994	2
ATATT	274360	1.7661854	8.161856	1
AATAT	269380	1.7367108	6.1875396	5
TCCAG	367955	1.695239	6.757256	2
CTGGA	368795	1.6884614	5.835096	4
TTTAC	289060	1.6663109	5.1187057	3
TACCG	360930	1.6628735	7.184673	7
TTAAA	255605	1.6479023	5.9668097	4
TTCAG	320620	1.6471292	5.8383284	2
TTTAA	255820	1.6468346	6.064578	2
GTAAA	284075	1.6321656	5.4571476	3
CTGCG	398020	1.6317871	5.5737014	9
ATTAA	249045	1.6056095	7.3908696	3
ATTAT	248085	1.5970408	7.5078483	3
ATAAT	247140	1.5933279	6.9138093	3
TTAAT	247480	1.5931461	6.1570044	3
AACAG	286010	1.4737083	5.8841934	7
ACCGC	355830	1.4702052	5.4302325	8
CAATA	250615	1.449	5.7533684	4
TATTG	252525	1.4465793	7.6552486	2
AACTG	278790	1.4343691	5.403813	7
CTTTA	248695	1.4336233	6.551179	2
TAAAG	249075	1.4310713	6.453394	4
CATTA	240370	1.3876978	6.5226846	2
ATTGA	241430	1.3850828	5.17024	3
TATTC	240160	1.3844227	5.7298946	5
TAATG	240135	1.3776534	6.145996	4
GAATA	238765	1.3718349	6.954618	1
GTTAT	239020	1.3692166	5.548416	1
AATAC	226840	1.3115383	7.190114	5
GTATT	228210	1.307292	10.255396	1
TCCTG	283020	1.3019873	5.456699	2
TAAAC	221400	1.2800853	5.529874	5
GTTTA	222485	1.2744966	6.5163836	1
ATCCA	245425	1.2706695	5.066162	1
ATACC	245075	1.2688574	6.793074	6
ATTAC	219295	1.2660282	5.6364155	3
GGATA	246075	1.2581171	5.7990327	1
ACAGC	266680	1.2304765	5.350671	8
GTTCA	232875	1.1963547	5.764509	1
TATTA	184675	1.1888405	10.010465	2
TAATA	183360	1.182134	7.618719	4
CATAA	203830	1.1784996	5.210598	2
TTATG	202255	1.1586096	5.4029603	4
ACCGT	251265	1.1576258	5.5513296	8
TACTG	214130	1.1000555	5.6681147	7
TTATA	134345	0.8648425	6.348966	4
TATAA	131815	0.84982	7.0348544	2
ATATA	111660	0.7198794	5.525294	1
TATAC	103420	0.59706163	5.6427917	5
GTATA	100905	0.5788916	6.994959	1
>>END_MODULE
